15089023	7725894	7727718	18145	3,653701133	1	0,848674419	VPD-ZDC-novtx-mon	0,879291783
15089024	7727766	7729621	18145	3,615596678	1	0,850661013	VPD-ZDC-novtx-mon	0,883493536
15089025	7729674	7731698	18145	3,763449985	1	0,853145413	VPD-ZDC-novtx-mon	0,880619011
15089026	7731761	7733632	18145	2,924061528	1	0,905927316	VPD-ZDC-novtx-mon	0,933520874
15089027	7733712	7735634	18145	2,516111036	1	0,916744419	VPD-ZDC-novtx-mon	0,940669452
15089051	7764940	7765191	18146	0,409105856	1	0,862454874	VPD-ZDC-novtx-mon	0,891084681
15089052	7765796	7766792	18146	1,687533784	1	0,889362088	VPD-ZDC-novtx-mon	0,92330467
15089053	7767198	7768922	18146	2,958264844	1	0,882865057	VPD-ZDC-novtx-mon	0,91476008
15090002	7776437	7778429	18147	3,996421914	1	0,864950948	VPD-ZDC-novtx-mon	0,899600306
15090003	7778478	7780299	18147	3,591042629	1	0,874378057	VPD-ZDC-novtx-mon	0,905178044
15090004	7780367	7782485	18147	3,918367828	1	0,88604621	VPD-ZDC-novtx-mon	0,915899673
15090005	7782590	7784450	18147	2,807855507	1	0,899611784	VPD-ZDC-novtx-mon	0,925940594
15090006	7784505	7784559	18147	6,28E-07	1	4,11E-06	VPD-ZDC-novtx-mon	0,000836408
15090007	7784618	7786375	18147	2,222745431	1	0,905956441	VPD-ZDC-novtx-mon	0,933011602
15090020	7807473	7809324	18149	3,148104956	1	0,848655217	VPD-ZDC-novtx-mon	0,887075432
15090022	7809541	7810524	18149	1,397639866	1	0,889249735	VPD-ZDC-novtx-mon	0,917715455
15090038	7823358	7825127	18151	3,71502092	1	0,887772772	VPD-ZDC-novtx-mon	0,925720026
15090039	7825182	7826843	18151	3,455681473	1	0,877743415	VPD-ZDC-novtx-mon	0,911734569
15090047	7828355	7830848	18151	4,20145082	1	0,891522424	VPD-ZDC-novtx-mon	0,919469641
15090048	7830896	7832696	18151	2,734986166	1	0,895285618	VPD-ZDC-novtx-mon	0,923296024
15090049	7832792	7834221	18151	1,971345907	1	0,890953652	VPD-ZDC-novtx-mon	0,916027858
15090050	7834318	7835552	18151	1,608349517	1	0,911619427	VPD-ZDC-novtx-mon	0,934217626
15091006	7874223	7876047	18156	3,92250504	1	0,853295852	VPD-ZDC-novtx-mon	0,892999209
15091007	7876136	7877909	18156	3,773654905	1	0,866471902	VPD-ZDC-novtx-mon	0,90106187
15091024	7901131	7903012	18159	4,194155388	1	0,867198945	VPD-ZDC-novtx-mon	0,906415984
15091025	7903086	7904740	18159	3,55665738	1	0,858772613	VPD-ZDC-novtx-mon	0,893275124
15091026	7904802	7906553	18159	3,683517149	1	0,869745078	VPD-ZDC-novtx-mon	0,902371229
15091027	7906646	7908428	18159	3,385213472	1	0,856246742	VPD-ZDC-novtx-mon	0,887516758
15091028	7908479	7910283	18159	3,11933321	1	0,8692677	VPD-ZDC-novtx-mon	0,899018401
15091029	7910339	7912202	18159	2,858816402	1	0,862160758	VPD-ZDC-novtx-mon	0,889557421
15092004	7953278	7955089	18161	3,997500271	1	0,868095522	VPD-ZDC-novtx-mon	0,921587528
15092005	7955153	7956872	18161	3,463194674	1	0,842393963	VPD-ZDC-novtx-mon	0,885337715
15092007	7957114	7958977	18161	3,573769303	1	0,850710513	VPD-ZDC-novtx-mon	0,892776851
15092008	7959028	7960822	18161	3,016071223	1	0,874727654	VPD-ZDC-novtx-mon	0,914048314
15092009	7960893	7962716	18161	2,805355494	1	0,889735062	VPD-ZDC-novtx-mon	0,928351756
15092011	7962920	7964788	18161	2,627501451	1	0,885849323	VPD-ZDC-novtx-mon	0,923033981
15092012	7964847	7966691	18161	2,459651244	1	0,896806134	VPD-ZDC-novtx-mon	0,933890907
15092013	7966753	7967651	18161	1,093808217	1	0,858766049	VPD-ZDC-novtx-mon	0,89588861
15092077	8031724	8033155	18166	3,039784693	1	0,871708055	VPD-ZDC-novtx-mon	0,910521701
15092078	8033229	8035138	18166	4,17464919	1	0,883877202	VPD-ZDC-novtx-mon	0,922032953
15092079	8035193	8037014	18166	3,867173723	1	0,860883694	VPD-ZDC-novtx-mon	0,895560774
15093001	8037072	8038945	18166	3,72917453	1	0,858613839	VPD-ZDC-novtx-mon	0,89142535
15093002	8039004	8040847	18166	3,478353127	1	0,869423504	VPD-ZDC-novtx-mon	0,900904014
15093003	8040896	8042772	18166	3,166692514	1	0,848292459	VPD-ZDC-novtx-mon	0,87865277
15093004	8042827	8044705	18166	3,093708132	1	0,891951524	VPD-ZDC-novtx-mon	0,91987982
15093005	8044781	8046588	18166	2,78518245	1	0,908392548	VPD-ZDC-novtx-mon	0,936973398
15093006	8046652	8048441	18166	2,582696984	1	0,904922046	VPD-ZDC-novtx-mon	0,933376
15093007	8048521	8050349	18166	2,511608599	1	0,914038527	VPD-ZDC-novtx-mon	0,942410035
15093008	8050430	8051527	18166	1,439749593	1	0,911328671	VPD-ZDC-novtx-mon	0,938192728
15093031	8076517	8078321	18168	3,921116619	1	0,878074678	VPD-ZDC-novtx-mon	0,920526665
15093034	8078846	8080857	18168	3,440504581	1	0,702091577	VPD-ZDC-novtx-mon	0,720787887
15093035	8080910	8082762	18168	3,736609519	1	0,878652023	VPD-ZDC-novtx-mon	0,91301533
15093036	8082817	8084554	18168	3,212051233	1	0,885936763	VPD-ZDC-novtx-mon	0,918531119
15093037	8084599	8086415	18168	3,138990701	1	0,892754471	VPD-ZDC-novtx-mon	0,92720065
15093038	8086459	8088315	18168	3,041771365	1	0,874224829	VPD-ZDC-novtx-mon	0,903982478
15093039	8088366	8090236	18168	2,968236444	1	0,891742169	VPD-ZDC-novtx-mon	0,923271711
15093040	8090311	8091756	18168	2,192444654	1	0,893307003	VPD-ZDC-novtx-mon	0,921209024
15093041	8091820	8092634	18168	1,187743581	1	0,894233571	VPD-ZDC-novtx-mon	0,926181484
15093061	8116150	8117636	18169	3,388173494	1	0,83484928	VPD-ZDC-novtx-mon	0,873025698
15093062	8117723	8119072	18169	2,909214755	1	0,803713333	VPD-ZDC-novtx-mon	0,834571715
15093063	8119512	8121434	18169	4,086003858	1	0,834301136	VPD-ZDC-novtx-mon	0,867056982
15093064	8121506	8123454	18169	3,917095499	1	0,860550278	VPD-ZDC-novtx-mon	0,89205457
15094001	8123514	8125324	18169	3,212142546	1	0,846623759	VPD-ZDC-novtx-mon	0,875704436
15094002	8125389	8127240	18169	3,112707376	1	0,874958473	VPD-ZDC-novtx-mon	0,903312344
15094007	8128469	8130285	18169	2,738311934	1	0,889960095	VPD-ZDC-novtx-mon	0,920042966
15094008	8130358	8132406	18169	3,021517867	1	0,886861164	VPD-ZDC-novtx-mon	0,91589874
15094009	8132496	8134464	18169	2,807816817	1	0,890391968	VPD-ZDC-novtx-mon	0,920892358
15094056	8183858	8185620	18170	2,858711478	1	0,836385614	VPD-ZDC-novtx-mon	0,892697385
15094057	8185668	8187238	18170	2,558184008	1	0,83414926	VPD-ZDC-novtx-mon	0,88637952
15094058	8187299	8189115	18170	3,243468551	1	0,81388197	VPD-ZDC-novtx-mon	0,861428443
15094059	8189194	8190991	18170	3,429829862	1	0,854577007	VPD-ZDC-novtx-mon	0,890348172
15094060	8191047	8192567	18170	2,777868224	1	0,870703074	VPD-ZDC-novtx-mon	0,902617168
15094064	8194583	8196403	18170	2,854665809	1	0,86041866	VPD-ZDC-novtx-mon	0,902638662
15094065	8196475	8198193	18170	2,565864159	1	0,859976608	VPD-ZDC-novtx-mon	0,905695848
15094066	8198242	8199171	18170	0,726241464	1	0,550511323	VPD-ZDC-novtx-mon	0,578970711
15094069	8199791	8202431	18170	3,13088715	1	0,877100592	VPD-ZDC-novtx-mon	0,920078338
15095008	8221992	8222805	18171	1,570401656	1	0,792606265	VPD-ZDC-novtx-mon	0,820640482
15095009	8222863	8223293	18171	0,763991455	1	0,744403494	VPD-ZDC-novtx-mon	0,767808355
15095010	8223680	8225553	18171	3,526070129	1	0,85014279	VPD-ZDC-novtx-mon	0,880838662
15095011	8225607	8227473	18171	3,207067339	1	0,869372356	VPD-ZDC-novtx-mon	0,89944972
15095012	8227524	8229419	18171	2,895041819	1	0,870155578	VPD-ZDC-novtx-mon	0,907284962
15095013	8229554	8231424	18171	2,580760085	1	0,849425721	VPD-ZDC-novtx-mon	0,890211006
15095014	8231477	8232990	18171	1,922443467	1	0,834135728	VPD-ZDC-novtx-mon	0,877726305
15095035	8263351	8265233	18172	3,985680346	1	0,819867179	VPD-ZDC-novtx-mon	0,869567668
15095036	8265285	8267202	18172	4,201795667	1	0,842218585	VPD-ZDC-novtx-mon	0,877400315
15095037	8267268	8269023	18172	3,214084642	1	0,736093452	VPD-ZDC-novtx-mon	0,757747796
15095038	8269114	8270968	18172	3,334624989	1	0,829197245	VPD-ZDC-novtx-mon	0,857737385
15095039	8271020	8271326	18172	0,476428663	1	0,802542016	VPD-ZDC-novtx-mon	0,82720052
15095040	8271377	8273199	18172	2,908972904	1	0,868252766	VPD-ZDC-novtx-mon	0,900183667
15095041	8273253	8274190	18172	1,355910386	1	0,86864761	VPD-ZDC-novtx-mon	0,91097419
15095042	8274253	8274544	18172	0,377050847	1	0,84250648	VPD-ZDC-novtx-mon	0,887330234
15095045	8275168	8275543	18172	0,455393472	1	0,835729621	VPD-ZDC-novtx-mon	0,878311538
15096012	8302049	8303863	18174	3,031171752	1	0,677179273	VPD-ZDC-novtx-mon	0,715628378
15096013	8303913	8306046	18174	4,386927343	1	0,846123064	VPD-ZDC-novtx-mon	0,880169022
15096014	8306103	8308104	18174	3,477003103	1	0,885804081	VPD-ZDC-novtx-mon	0,916409841
15096015	8308155	8309993	18174	2,965342409	1	0,874812318	VPD-ZDC-novtx-mon	0,909964547
15096016	8310053	8311904	18174	2,689549228	1	0,876723147	VPD-ZDC-novtx-mon	0,920784943
15096017	8312086	8313186	18174	1,472972878	1	0,84092696	VPD-ZDC-novtx-mon	0,883399124
15096052	8365978	8368153	18176	3,109384029	1	0,648544521	VPD-ZDC-novtx-mon	0,69041474
15096053	8368208	8370037	18176	2,777589543	1	0,714493154	VPD-ZDC-novtx-mon	0,752387973
15096054	8370091	8371885	18176	1,700753764	1	0,467144195	VPD-ZDC-novtx-mon	0,487685454
15096055	8371937	8373745	18176	2,870254313	1	0,826325791	VPD-ZDC-novtx-mon	0,868420546
15096056	8373792	8375674	18176	2,785704714	1	0,822009106	VPD-ZDC-novtx-mon	0,862274643
15096057	8375736	8375799	18176	0,073242367	1	0,717405692	VPD-ZDC-novtx-mon	0,751819165
15096058	8375854	8378018	18176	2,989743185	1	0,825848481	VPD-ZDC-novtx-mon	0,867380383
15097016	8406220	8408045	18177	3,568002537	1	0,833394803	VPD-ZDC-novtx-mon	0,891824509
15097018	8408114	8409929	18177	3,636839097	1	0,839574322	VPD-ZDC-novtx-mon	0,880267652
15097019	8410017	8411823	18177	3,545994345	1	0,860302018	VPD-ZDC-novtx-mon	0,89342554
15097020	8411873	8413705	18177	3,231689656	1	0,853623762	VPD-ZDC-novtx-mon	0,885953384
15097021	8413762	8415596	18177	2,986623797	1	0,861112229	VPD-ZDC-novtx-mon	0,89766107
15097022	8415725	8417837	18177	2,376866126	1	0,893787575	VPD-ZDC-novtx-mon	0,926469796
15098007	8477886	8478311	18178	0,552687848	1	0,57438465	VPD-ZDC-novtx-mon	0,621055432
15098008	8478448	8478681	18178	0,267580593	1	0,519205981	VPD-ZDC-novtx-mon	0,547853743
15098010	8480974	8483112	18178	2,810044731	1	0,544138492	VPD-ZDC-novtx-mon	0,542409691
15098011	8483160	8484227	18178	1,185728768	1	0,478671714	VPD-ZDC-novtx-mon	0,501743401
15098012	8484322	8484607	18178	0,244667886	1	0,38334461	VPD-ZDC-novtx-mon	0,394981424
15098013	8484694	8485674	18178	1,08123034	1	0,502646205	VPD-ZDC-novtx-mon	0,517640451
15098014	8485759	8485906	18178	0,111882862	1	0,376820388	VPD-ZDC-novtx-mon	0,39536803
15098015	8486004	8486646	18178	0,751789213	1	0,559853858	VPD-ZDC-novtx-mon	0,584970668
15098016	8486723	8487493	18178	0,661908552	1	0,429594103	VPD-ZDC-novtx-mon	0,446603713
15098017	8487553	8489370	18178	1,59409829	1	0,468035995	VPD-ZDC-novtx-mon	0,486859621
15098018	8489456	8491363	18178	1,949964091	1	0,601257046	VPD-ZDC-novtx-mon	0,628336501
15098019	8491472	8492998	18178	1,40555519	1	0,585570317	VPD-ZDC-novtx-mon	0,617649771
15098040	8514234	8514581	18178	0,254635852	1	0,903910904	VPD-ZDC-novtx-mon	0,931274523
15098041	8514633	8516572	18178	1,422810159	1	0,922924154	VPD-ZDC-novtx-mon	0,949880282
15098067	8540378	8540477	18180	0,181190225	1	0,80697928	VPD-ZDC-novtx-mon	0,854502289
15098068	8540550	8541377	18180	1,618994479	1	0,873915537	VPD-ZDC-novtx-mon	0,917754585
15098069	8541430	8543260	18180	3,471526369	1	0,872753704	VPD-ZDC-novtx-mon	0,912893715
15098070	8543321	8545131	18180	3,113883216	1	0,877245868	VPD-ZDC-novtx-mon	0,917633116
15098071	8545185	8546653	18180	2,246260352	1	0,876551265	VPD-ZDC-novtx-mon	0,923613825
15098072	8546717	8548539	18180	2,812833614	1	0,888931552	VPD-ZDC-novtx-mon	0,932527441
15098073	8548604	8550412	18180	2,711412075	1	0,883581914	VPD-ZDC-novtx-mon	0,928841692
15098074	8550504	8550800	18180	0,414160208	1	0,865900673	VPD-ZDC-novtx-mon	0,907280239
15100009	8649614	8651513	18193	3,459022748	1	0,815459711	VPD-ZDC-novtx-mon	0,876206654
15100010	8651567	8653408	18193	3,571365412	1	0,837204784	VPD-ZDC-novtx-mon	0,884262338
15100011	8653470	8655258	18193	3,346380019	1	0,829430012	VPD-ZDC-novtx-mon	0,861768711
15100024	8661460	8663291	18193	2,544006519	1	0,849952373	VPD-ZDC-novtx-mon	0,894729685
15100025	8663349	8665171	18193	2,430263444	1	0,870478516	VPD-ZDC-novtx-mon	0,918655507
15100027	8666296	8668137	18193	2,279647692	1	0,892163018	VPD-ZDC-novtx-mon	0,93258313
15100028	8668181	8668867	18193	0,812689611	1	0,877054445	VPD-ZDC-novtx-mon	0,916634319
15100124	8726226	8728012	18197	3,930352089	1	0,823134223	VPD-ZDC-novtx-mon	0,865978207
15101001	8728069	8729935	18197	4,073649572	1	0,849996902	VPD-ZDC-novtx-mon	0,885852312
15101002	8730001	8731815	18197	3,65042958	1	0,850037986	VPD-ZDC-novtx-mon	0,88252838
15101003	8731882	8733735	18197	3,307017662	1	0,835402403	VPD-ZDC-novtx-mon	0,86244288
15101004	8733794	8735606	18197	3,065573272	1	0,886994776	VPD-ZDC-novtx-mon	0,918703329
15101005	8735698	8737504	18197	2,713382686	1	0,859224283	VPD-ZDC-novtx-mon	0,898568629
15101006	8737555	8739380	18197	2,57640147	1	0,850974308	VPD-ZDC-novtx-mon	0,892710189
15101007	8739488	8741305	18197	2,460618214	1	0,877345455	VPD-ZDC-novtx-mon	0,921968191
15101008	8741469	8742052	18197	0,737647805	1	0,868791162	VPD-ZDC-novtx-mon	0,909493599
15101040	8784135	8785944	18201	3,397799273	1	0,852534916	VPD-ZDC-novtx-mon	0,895922329
15101041	8785995	8787695	18201	3,128598039	1	0,88080462	VPD-ZDC-novtx-mon	0,91748369
15101042	8787746	8788090	18201	0,570129773	1	0,844511718	VPD-ZDC-novtx-mon	0,882689799
15101043	8788167	8789975	18201	3,229848377	1	0,832302915	VPD-ZDC-novtx-mon	0,87456036
15101044	8790023	8791863	18201	3,334048173	1	0,840970033	VPD-ZDC-novtx-mon	0,8686824
15101045	8791928	8793731	18201	2,639397513	1	0,693615363	VPD-ZDC-novtx-mon	0,709036626
15101046	8793790	8795609	18201	3,144169787	1	0,886599861	VPD-ZDC-novtx-mon	0,915560083
15101047	8795675	8797479	18201	2,700272176	1	0,82385557	VPD-ZDC-novtx-mon	0,854279486
15101048	8797530	8797808	18201	0,292840468	1	0,622416097	VPD-ZDC-novtx-mon	0,646696084
15101049	8798895	8800721	18201	2,449778278	1	0,856991155	VPD-ZDC-novtx-mon	0,898307726
15101050	8800781	8802407	18201	2,119550449	1	0,890821556	VPD-ZDC-novtx-mon	0,930565076
15102006	8820963	8822774	18204	3,895467452	1	0,829460994	VPD-ZDC-novtx-mon	0,863655765
15102007	8822837	8824672	18204	3,941275146	1	0,850669687	VPD-ZDC-novtx-mon	0,883768445
15102008	8824718	8826507	18204	3,622822765	1	0,863062819	VPD-ZDC-novtx-mon	0,893890392
15102009	8826566	8828376	18204	3,350667492	1	0,880627454	VPD-ZDC-novtx-mon	0,911904506
15102010	8828427	8830247	18204	3,041047379	1	0,872732029	VPD-ZDC-novtx-mon	0,906404655
15102011	8830298	8832184	18204	2,818217032	1	0,859451546	VPD-ZDC-novtx-mon	0,896056364
15102012	8832239	8834087	18204	2,621853224	1	0,87756097	VPD-ZDC-novtx-mon	0,918933709
15102013	8834203	8835562	18204	1,792271652	1	0,86558567	VPD-ZDC-novtx-mon	0,907324287
15102032	8859252	8861042	18205	3,4920234	1	0,861412431	VPD-ZDC-novtx-mon	0,910667218
15102033	8861095	8863126	18205	3,879842237	1	0,815582257	VPD-ZDC-novtx-mon	0,855641156
15102034	8863174	8864975	18205	3,446732218	1	0,843835141	VPD-ZDC-novtx-mon	0,871283116
15102035	8865030	8866822	18205	3,004883302	1	0,857705811	VPD-ZDC-novtx-mon	0,885679426
15102036	8866872	8868872	18205	3,244075467	1	0,876149041	VPD-ZDC-novtx-mon	0,91087572
15102037	8868944	8870761	18205	2,723337283	1	0,865554681	VPD-ZDC-novtx-mon	0,905430259
15102038	8870826	8872630	18205	2,587636201	1	0,8780945	VPD-ZDC-novtx-mon	0,920909161
15102039	8872691	8874505	18205	2,475583175	1	0,888275209	VPD-ZDC-novtx-mon	0,931395953
15102040	8874576	8876125	18205	1,886109337	1	0,8833066	VPD-ZDC-novtx-mon	0,922757256
15102068	8898536	8900356	18206	3,926184209	1	0,861631096	VPD-ZDC-novtx-mon	0,902782621
15103010	8916141	8917990	18208	4,08991305	1	0,830933516	VPD-ZDC-novtx-mon	0,862083059
15103011	8918097	8919928	18208	4,097460443	1	0,869407836	VPD-ZDC-novtx-mon	0,903621268
15103013	8921417	8923226	18208	3,537106728	1	0,84176769	VPD-ZDC-novtx-mon	0,872164051
15103014	8923276	8925082	18208	3,197645008	1	0,865201947	VPD-ZDC-novtx-mon	0,895080581
15103015	8925128	8926931	18208	2,82821431	1	0,873384013	VPD-ZDC-novtx-mon	0,906754189
15103016	8926981	8928774	18208	2,537363814	1	0,876899311	VPD-ZDC-novtx-mon	0,917256525
15103017	8928816	8930619	18208	2,419572543	1	0,888594421	VPD-ZDC-novtx-mon	0,927175536
15103018	8930680	8931281	18208	0,745344494	1	0,83834223	VPD-ZDC-novtx-mon	0,875988208
15103042	8956124	8957892	18209	4,062976325	1	0,849057684	VPD-ZDC-novtx-mon	0,885466263
15103043	8957955	8959728	18209	3,983700054	1	0,858225313	VPD-ZDC-novtx-mon	0,895028119
15103045	8959929	8961350	18209	3,091666727	1	0,878205784	VPD-ZDC-novtx-mon	0,911075465
15103046	8961413	8962177	18209	1,426373038	1	0,817993667	VPD-ZDC-novtx-mon	0,874445023
15103049	8962837	8964631	18209	3,225839376	1	0,879055755	VPD-ZDC-novtx-mon	0,908676009
15103050	8964681	8966449	18209	2,877374212	1	0,855567963	VPD-ZDC-novtx-mon	0,889162848
15103051	8966518	8968297	18209	2,769591912	1	0,87296337	VPD-ZDC-novtx-mon	0,905727771
15103052	8968337	8969905	18209	2,226119364	1	0,86061403	VPD-ZDC-novtx-mon	0,900253761
15103053	8970038	8971878	18209	2,491399077	1	0,870352938	VPD-ZDC-novtx-mon	0,913560596
15103054	8971933	8972961	18209	1,298052746	1	0,862277544	VPD-ZDC-novtx-mon	0,903398896
15104002	8990431	8992275	18210	4,325538363	1	0,87838699	VPD-ZDC-novtx-mon	0,915910327
15104003	8992323	8994131	18210	3,969169589	1	0,846684473	VPD-ZDC-novtx-mon	0,878011158
15104004	8994204	8996051	18210	3,983713061	1	0,871538395	VPD-ZDC-novtx-mon	0,905406758
15104006	8996553	8998432	18210	3,571444172	1	0,877111087	VPD-ZDC-novtx-mon	0,907670704
15104007	8998570	9000420	18210	3,152416451	1	0,885998152	VPD-ZDC-novtx-mon	0,916685048
15104008	9000485	9002303	18210	2,747022582	1	0,850489438	VPD-ZDC-novtx-mon	0,891568436
15104010	9002539	9004470	18210	2,710400783	1	0,855034141	VPD-ZDC-novtx-mon	0,893961313
15104011	9004523	9005296	18210	1,036977582	1	0,876954346	VPD-ZDC-novtx-mon	0,919237229
15104037	9033828	9034797	18211	1,926550577	1	0,753997556	VPD-ZDC-novtx-mon	0,804873603
15104039	9035121	9035145	18211	1,30E-06	1	7,76E-06	VPD-ZDC-novtx-mon	0,001093354
15104040	9035184	9036408	18211	2,491874142	1	0,797292308	VPD-ZDC-novtx-mon	0,841044388
15104042	9036756	9038560	18211	3,840767381	1	0,851504534	VPD-ZDC-novtx-mon	0,875726884
15104043	9038612	9040461	18211	3,612497079	1	0,847604299	VPD-ZDC-novtx-mon	0,870559513
15104044	9040512	9041488	18211	1,592011541	1	0,805349513	VPD-ZDC-novtx-mon	0,842224021
15104052	9046523	9048314	18212	3,851121169	1	0,793458172	VPD-ZDC-novtx-mon	0,838471641
15104053	9048366	9050266	18212	3,817406551	1	0,763766886	VPD-ZDC-novtx-mon	0,799387612
15104054	9050324	9052031	18212	3,232659908	1	0,765173362	VPD-ZDC-novtx-mon	0,801510454
15104055	9052089	9053884	18212	3,387935753	1	0,821274024	VPD-ZDC-novtx-mon	0,857341056
15104056	9053941	9055725	18212	3,095282695	1	0,836671039	VPD-ZDC-novtx-mon	0,876543656
15104057	9055841	9057635	18212	2,838878279	1	0,852342837	VPD-ZDC-novtx-mon	0,892264346
15104058	9057695	9059484	18212	2,575205427	1	0,854731408	VPD-ZDC-novtx-mon	0,895843857
15104059	9059532	9059561	18212	1,53E-05	1	1,75E-05	VPD-ZDC-novtx-mon	0,000122511
15105010	9088653	9090446	18213	3,555883381	1	0,849512193	VPD-ZDC-novtx-mon	0,899570496
15105012	9090751	9092588	18213	3,599353072	1	0,827199235	VPD-ZDC-novtx-mon	0,872716642
15105013	9092662	9094471	18213	3,405022271	1	0,826313021	VPD-ZDC-novtx-mon	0,867796953
15105015	9094772	9096641	18213	3,091437783	1	0,810403692	VPD-ZDC-novtx-mon	0,849124384
15105016	9096694	9098524	18213	2,914981797	1	0,864054412	VPD-ZDC-novtx-mon	0,905326292
15105017	9098601	9100407	18213	2,692002051	1	0,869866941	VPD-ZDC-novtx-mon	0,909896549
15105018	9100470	9102452	18213	2,699549936	1	0,870952139	VPD-ZDC-novtx-mon	0,909823221
15105054	9131265	9133122	18214	3,908214756	1	0,81081387	VPD-ZDC-novtx-mon	0,859097829
15105055	9133168	9134849	18214	3,136765272	1	0,742217408	VPD-ZDC-novtx-mon	0,778963066
15105056	9134927	9135118	18214	0,272937324	1	0,62123488	VPD-ZDC-novtx-mon	0,643784908
15105057	9135207	9137019	18214	3,425844102	1	0,792573993	VPD-ZDC-novtx-mon	0,829603366
15105058	9137082	9138962	18214	3,281531087	1	0,824769422	VPD-ZDC-novtx-mon	0,864152646
15105061	9139185	9141000	18214	2,907279649	1	0,856558031	VPD-ZDC-novtx-mon	0,899839254
15105062	9141050	9143113	18214	3,056152463	1	0,874527737	VPD-ZDC-novtx-mon	0,914712384
15106131	9236489	9238307	18215	4,140054467	1	0,815627385	VPD-ZDC-novtx-mon	0,871761132
15106132	9238362	9240279	18215	3,677555735	1	0,71314515	VPD-ZDC-novtx-mon	0,753028858
15106133	9240340	9240752	18215	0,766765314	1	0,711364158	VPD-ZDC-novtx-mon	0,752940685
15106134	9240820	9241508	18215	1,111057843	1	0,632615977	VPD-ZDC-novtx-mon	0,660030943
15106135	9241568	9243391	18215	3,562566023	1	0,815525481	VPD-ZDC-novtx-mon	0,860875964
15106136	9243447	9245248	18215	3,082494594	1	0,787558288	VPD-ZDC-novtx-mon	0,828791069
15107001	9245301	9247110	18215	2,976200585	1	0,837744254	VPD-ZDC-novtx-mon	0,882558729
15107002	9247171	9249135	18215	3,06950594	1	0,876434977	VPD-ZDC-novtx-mon	0,923192235
15107003	9249191	9250994	18215	2,572589881	1	0,869288414	VPD-ZDC-novtx-mon	0,915520744
15107004	9251569	9251944	18215	0,49621284	1	0,856008325	VPD-ZDC-novtx-mon	0,905239677
15107063	9298956	9300742	18220	4,049148198	1	0,766037494	VPD-ZDC-novtx-mon	0,811575726
15107064	9300788	9302443	18220	3,678492499	1	0,796943469	VPD-ZDC-novtx-mon	0,84238782
15107065	9302563	9302910	18220	0,745417379	1	0,794520077	VPD-ZDC-novtx-mon	0,835111683
15107073	9304868	9305415	18220	0,899046433	1	0,696964286	VPD-ZDC-novtx-mon	0,726382265
15107074	9305468	9307341	18220	3,309016601	1	0,793068794	VPD-ZDC-novtx-mon	0,830674066
15107075	9307387	9309221	18220	2,981711886	1	0,803403485	VPD-ZDC-novtx-mon	0,843006245
15107076	9309272	9311094	18220	2,943697245	1	0,860684922	VPD-ZDC-novtx-mon	0,903446983
15107078	9311213	9313040	18220	2,777259627	1	0,856432333	VPD-ZDC-novtx-mon	0,898369684
15107079	9313089	9314830	18220	2,55751888	1	0,865182716	VPD-ZDC-novtx-mon	0,907131464
15107080	9314884	9315205	18220	0,450395328	1	0,858646519	VPD-ZDC-novtx-mon	0,90141074
15107081	9315267	9317673	18220	3,32102683	1	0,875444417	VPD-ZDC-novtx-mon	0,916401378
15108003	9343004	9344871	18221	3,439164433	1	0,831328178	VPD-ZDC-novtx-mon	0,884943978
15108004	9344933	9345450	18221	0,825440904	1	0,683057501	VPD-ZDC-novtx-mon	0,725625745
15108005	9345639	9347437	18221	3,469889047	1	0,805739666	VPD-ZDC-novtx-mon	0,855058439
15108007	9347976	9349784	18221	3,235212735	1	0,831432116	VPD-ZDC-novtx-mon	0,873795772
15108008	9349846	9350367	18221	0,890586589	1	0,860238353	VPD-ZDC-novtx-mon	0,903108712
15108009	9350428	9352266	18221	2,698798606	1	0,803475172	VPD-ZDC-novtx-mon	0,840228564
15108010	9352418	9354246	18221	2,594587722	1	0,876177721	VPD-ZDC-novtx-mon	0,915966182
15108021	9368205	9368860	18221	0,659883	1	0,903116121	VPD-ZDC-novtx-mon	0,93805901
15108056	9396865	9398699	18223	3,891380127	1	0,732268593	VPD-ZDC-novtx-mon	0,779456751
15108057	9398744	9399659	18223	1,926973332	1	0,733360938	VPD-ZDC-novtx-mon	0,770610992
15108058	9399790	9401412	18223	3,175505098	1	0,700407555	VPD-ZDC-novtx-mon	0,731562436
15108059	9401476	9401900	18223	0,759943392	1	0,657235434	VPD-ZDC-novtx-mon	0,679536478
15108063	9402293	9404008	18223	2,804311304	1	0,648358354	VPD-ZDC-novtx-mon	0,670397265
15108069	9405253	9405648	18223	0,503858287	1	0,588342073	VPD-ZDC-novtx-mon	0,614373972
15108072	9407886	9408288	18223	0,439213479	1	0,56262988	VPD-ZDC-novtx-mon	0,592298642
15108073	9408425	9408671	18223	0,239937304	1	0,509189975	VPD-ZDC-novtx-mon	0,530456518
15108074	9409433	9409513	18223	0,103375314	1	0,708941176	VPD-ZDC-novtx-mon	0,750035332
15108075	9409617	9411476	18223	2,784306219	1	0,869451923	VPD-ZDC-novtx-mon	0,908145982
15108076	9411524	9413317	18223	2,522399492	1	0,877098161	VPD-ZDC-novtx-mon	0,917405792
15108077	9413388	9413730	18223	0,433806618	1	0,825876261	VPD-ZDC-novtx-mon	0,863523368
15109004	9421776	9423948	18223	2,459356523	1	0,883972843	VPD-ZDC-novtx-mon	0,923440711
15109005	9424006	9424836	18223	0,880235006	1	0,845428745	VPD-ZDC-novtx-mon	0,881636897
15109019	9447444	9449252	18225	3,78253551	1	0,73762642	VPD-ZDC-novtx-mon	0,781368106
15109020	9449306	9451106	18225	3,39818406	1	0,690268693	VPD-ZDC-novtx-mon	0,723250865
15109021	9451168	9452253	18225	2,047240627	1	0,720452978	VPD-ZDC-novtx-mon	0,751897802
15109024	9453091	9454355	18225	2,313603917	1	0,772674296	VPD-ZDC-novtx-mon	0,808347005
15109025	9454509	9456291	18225	3,293364524	1	0,820800136	VPD-ZDC-novtx-mon	0,860429068
15109026	9456341	9458132	18225	3,129128377	1	0,847566956	VPD-ZDC-novtx-mon	0,887336107
15109027	9458180	9459971	18225	2,830151779	1	0,835308719	VPD-ZDC-novtx-mon	0,874805697
15109028	9460021	9461978	18225	2,89561938	1	0,845683611	VPD-ZDC-novtx-mon	0,888795565
15109029	9462023	9463822	18225	2,561339902	1	0,86809087	VPD-ZDC-novtx-mon	0,908958672
15109030	9463885	9465679	18225	2,431686972	1	0,867186425	VPD-ZDC-novtx-mon	0,905274776
15109051	9486424	9488129	18226	3,900152414	1	0,810331615	VPD-ZDC-novtx-mon	0,86399685
15109052	9488173	9489701	18226	3,200371102	1	0,764585987	VPD-ZDC-novtx-mon	0,805224273
15109054	9489938	9490317	18226	0,693731079	1	0,69478876	VPD-ZDC-novtx-mon	0,7253185
15109055	9490386	9492328	18226	3,72342005	1	0,771726808	VPD-ZDC-novtx-mon	0,807164103
15109056	9492368	9494188	18226	3,317537959	1	0,808489618	VPD-ZDC-novtx-mon	0,84563966
15109057	9494234	9496052	18226	3,042464065	1	0,835920884	VPD-ZDC-novtx-mon	0,877778488
15109058	9496101	9497885	18226	2,826736902	1	0,872598509	VPD-ZDC-novtx-mon	0,913700273
15109059	9497947	9499755	18226	2,523900863	1	0,851499386	VPD-ZDC-novtx-mon	0,893743502
15109060	9499806	9500132	18226	0,444861209	1	0,858806111	VPD-ZDC-novtx-mon	0,89985747
15110015	9525516	9527345	18227	4,132612201	1	0,816065069	VPD-ZDC-novtx-mon	0,871263755
15110016	9527405	9529078	18227	3,650331512	1	0,795907789	VPD-ZDC-novtx-mon	0,839972358
15110017	9529127	9530913	18227	3,822511871	1	0,811800873	VPD-ZDC-novtx-mon	0,8510618
15110019	9532329	9534109	18227	3,346476923	1	0,822634154	VPD-ZDC-novtx-mon	0,860381203
15110020	9534156	9535935	18227	3,14461301	1	0,84391583	VPD-ZDC-novtx-mon	0,886852258
15110021	9535988	9537781	18227	2,921123414	1	0,840944207	VPD-ZDC-novtx-mon	0,880846786
15110022	9537834	9539609	18227	2,833666412	1	0,873554688	VPD-ZDC-novtx-mon	0,915579336
15110023	9539664	9541491	18227	2,737395818	1	0,875481372	VPD-ZDC-novtx-mon	0,915871309
15110024	9541540	9543331	18227	2,568373982	1	0,874556072	VPD-ZDC-novtx-mon	0,91717637
15110025	9543379	9544963	18227	2,173541151	1	0,871504136	VPD-ZDC-novtx-mon	0,913466927
15110038	9564340	9566022	18228	3,678455417	1	0,810067069	VPD-ZDC-novtx-mon	0,870825946
15110039	9566087	9567812	18228	3,086144123	1	0,778295379	VPD-ZDC-novtx-mon	0,813744082
15110040	9567867	9568211	18228	0,641112525	1	0,811055561	VPD-ZDC-novtx-mon	0,840043336
15110041	9568258	9570079	18228	3,31003285	1	0,814561939	VPD-ZDC-novtx-mon	0,843768645
15110042	9570142	9571982	18228	3,130647416	1	0,843207178	VPD-ZDC-novtx-mon	0,872665448
15110043	9572022	9573558	18228	2,361072383	1	0,838963948	VPD-ZDC-novtx-mon	0,870260198
15110045	9573871	9575659	18228	2,933031544	1	0,826964467	VPD-ZDC-novtx-mon	0,866379269
15110046	9575722	9577533	18228	2,874393695	1	0,881111506	VPD-ZDC-novtx-mon	0,921728593
15110047	9577591	9579341	18228	2,5741446	1	0,878381303	VPD-ZDC-novtx-mon	0,917727688
15110048	9579396	9579721	18228	0,450828612	1	0,859287567	VPD-ZDC-novtx-mon	0,902049191
15110049	9579787	9581732	18228	2,669192783	1	0,873157365	VPD-ZDC-novtx-mon	0,913006391
15110058	9590333	9592338	18228	2,080577297	1	0,909833139	VPD-ZDC-novtx-mon	0,945532989
15111001	9592393	9594216	18228	1,81095113	1	0,903014555	VPD-ZDC-novtx-mon	0,937694107
15111002	9594274	9596729	18228	2,338460996	1	0,910510666	VPD-ZDC-novtx-mon	0,945054606
15111003	9596794	9598664	18228	1,660949955	1	0,902194594	VPD-ZDC-novtx-mon	0,933492529
15111004	9598707	9600658	18228	1,662305715	1	0,915390309	VPD-ZDC-novtx-mon	0,946429711
15111005	9600710	9602523	18228	1,465315672	1	0,908772921	VPD-ZDC-novtx-mon	0,939520921
15111006	9602576	9604392	18228	1,430516347	1	0,915990678	VPD-ZDC-novtx-mon	0,947890113
15111007	9604441	9606249	18228	1,350135902	1	0,903307649	VPD-ZDC-novtx-mon	0,934925186
15111008	9606316	9608134	18228	1,311312805	1	0,913339471	VPD-ZDC-novtx-mon	0,938447279
15111009	9608179	9609986	18228	1,264703955	1	0,926523433	VPD-ZDC-novtx-mon	0,954240219
15111010	9610029	9611637	18228	1,079401617	1	0,926423488	VPD-ZDC-novtx-mon	0,954423442
15111011	9611695	9613491	18228	1,137673553	1	0,930431841	VPD-ZDC-novtx-mon	0,955762715
15111012	9613542	9615321	18228	1,079325111	1	0,929916881	VPD-ZDC-novtx-mon	0,958453363
15111013	9615363	9617157	18228	1,01592987	1	0,908416908	VPD-ZDC-novtx-mon	0,933639918
15111014	9617202	9618984	18228	0,994424526	1	0,936303482	VPD-ZDC-novtx-mon	0,959950516
15111015	9619024	9620813	18228	0,922509872	1	0,911583717	VPD-ZDC-novtx-mon	0,930806306
15111016	9620866	9621607	18228	0,377455303	1	0,928786863	VPD-ZDC-novtx-mon	0,952984405
15111050	9652695	9652799	18231	0,191598619	1	0,602636535	VPD-ZDC-novtx-mon	0,644055445
15111051	9653609	9654431	18231	1,609666283	1	0,770379894	VPD-ZDC-novtx-mon	0,81613178
15111052	9654486	9654697	18231	0,432848204	1	0,820545688	VPD-ZDC-novtx-mon	0,87345301
15111053	9654768	9656024	18231	2,159905573	1	0,728041308	VPD-ZDC-novtx-mon	0,767971366
15111065	9670017	9671829	18231	2,622203219	1	0,871211856	VPD-ZDC-novtx-mon	0,912595306
15111066	9671875	9673087	18231	1,684262182	1	0,874246715	VPD-ZDC-novtx-mon	0,914042908
15112009	9691276	9693083	18232	4,053685319	1	0,773105426	VPD-ZDC-novtx-mon	0,821772198
15112010	9693136	9694798	18232	3,740444793	1	0,796633072	VPD-ZDC-novtx-mon	0,837594373
15112011	9694859	9696649	18232	3,421979725	1	0,72918293	VPD-ZDC-novtx-mon	0,756287723
15112012	9696717	9698507	18232	3,205828998	1	0,773956221	VPD-ZDC-novtx-mon	0,80190236
15112013	9698558	9700392	18232	3,108961663	1	0,835397699	VPD-ZDC-novtx-mon	0,874502752
15112014	9700441	9702232	18232	2,747713288	1	0,8491533	VPD-ZDC-novtx-mon	0,888466659
15112019	9703341	9705146	18232	2,527825314	1	0,8762272	VPD-ZDC-novtx-mon	0,916508101
15112020	9705232	9707048	18232	2,478912851	1	0,858883336	VPD-ZDC-novtx-mon	0,900274152
15112021	9707096	9708908	18232	2,451445818	1	0,860422315	VPD-ZDC-novtx-mon	0,900583499
15112022	9708958	9710777	18232	2,385404459	1	0,874121597	VPD-ZDC-novtx-mon	0,916230237
15112033	9729505	9731061	18233	3,440501637	1	0,736976972	VPD-ZDC-novtx-mon	0,776473407
15112034	9731114	9731323	18233	0,466612739	1	0,781178019	VPD-ZDC-novtx-mon	0,825185931
15112035	9731369	9731897	18233	1,138616889	1	0,739807565	VPD-ZDC-novtx-mon	0,777084051
15112036	9731943	9733780	18233	4,063313263	1	0,772668463	VPD-ZDC-novtx-mon	0,809520501
15112037	9733869	9735694	18233	3,594081144	1	0,741814707	VPD-ZDC-novtx-mon	0,767267558
15112038	9735774	9737560	18233	3,206596148	1	0,777792552	VPD-ZDC-novtx-mon	0,811502239
15112039	9739025	9740830	18233	2,795219443	1	0,790294456	VPD-ZDC-novtx-mon	0,825590455
15112040	9740888	9742701	18233	2,74683729	1	0,835414037	VPD-ZDC-novtx-mon	0,87650168
15112041	9742758	9744573	18233	2,757787275	1	0,871432741	VPD-ZDC-novtx-mon	0,913673904
15112042	9744629	9746444	18233	2,692208841	1	0,859030339	VPD-ZDC-novtx-mon	0,89843013
15112043	9746494	9748367	18233	2,594672561	1	0,8449961	VPD-ZDC-novtx-mon	0,885285243
15112044	9748420	9750212	18233	2,43180672	1	0,847331567	VPD-ZDC-novtx-mon	0,887764783
15112045	9750278	9751668	18233	1,90518061	1	0,878151052	VPD-ZDC-novtx-mon	0,918235029
15113004	9767873	9769689	18234	3,624748096	1	0,673497924	VPD-ZDC-novtx-mon	0,709460022
15113005	9769764	9771742	18234	4,175949683	1	0,737652201	VPD-ZDC-novtx-mon	0,770160165
15113006	9771801	9773372	18234	2,893751847	1	0,758684365	VPD-ZDC-novtx-mon	0,788304106
15113009	9774044	9775847	18234	3,28344271	1	0,751560078	VPD-ZDC-novtx-mon	0,78229469
15113010	9775904	9777712	18234	3,156011827	1	0,78745153	VPD-ZDC-novtx-mon	0,816654335
15113011	9777767	9779584	18234	3,143535667	1	0,836313816	VPD-ZDC-novtx-mon	0,872971416
15113012	9779638	9780896	18234	1,802741972	1	0,861093403	VPD-ZDC-novtx-mon	0,898055752
15113103	9847492	9849295	18241	3,483042775	1	0,679396019	VPD-ZDC-novtx-mon	0,729690284
15113104	9849359	9851174	18241	3,745343992	1	0,755260494	VPD-ZDC-novtx-mon	0,795262906
15114001	9851232	9853036	18241	3,646820988	1	0,793426781	VPD-ZDC-novtx-mon	0,82892222
15114002	9853103	9854929	18241	3,202897881	1	0,859197343	VPD-ZDC-novtx-mon	0,903256929
15114003	9854980	9856182	18241	1,782686383	1	0,877236087	VPD-ZDC-novtx-mon	0,919241656
15114010	9858045	9859095	18241	1,117976374	1	0,880213583	VPD-ZDC-novtx-mon	0,9199309
15114011	9859757	9861615	18241	1,899487224	1	0,893659287	VPD-ZDC-novtx-mon	0,93032147
15114012	9861667	9862875	18241	1,176682928	1	0,890234122	VPD-ZDC-novtx-mon	0,92791321
15114013	9862920	9863610	18241	0,652632773	1	0,883761002	VPD-ZDC-novtx-mon	0,919689358
15114016	9868700	9870573	18242	3,443413544	1	0,680463426	VPD-ZDC-novtx-mon	0,712093548
15114017	9870629	9872432	18242	3,409932407	1	0,732768801	VPD-ZDC-novtx-mon	0,765343821
15114018	9872488	9874306	18242	3,408868465	1	0,778313744	VPD-ZDC-novtx-mon	0,812988937
15114019	9874357	9876163	18242	2,963744138	1	0,740643603	VPD-ZDC-novtx-mon	0,773078053
15114020	9876214	9878019	18242	2,770655126	1	0,770874327	VPD-ZDC-novtx-mon	0,805494109
15114021	9878069	9879873	18242	2,830110135	1	0,853738476	VPD-ZDC-novtx-mon	0,894148876
15114022	9879931	9881819	18242	2,753568604	1	0,810942331	VPD-ZDC-novtx-mon	0,852950792
15114023	9881872	9883675	18242	2,637630192	1	0,848459607	VPD-ZDC-novtx-mon	0,887742325
15114024	9883725	9885530	18242	2,448273897	1	0,83500284	VPD-ZDC-novtx-mon	0,874838351
15114025	9885590	9887401	18242	2,390486521	1	0,863311655	VPD-ZDC-novtx-mon	0,904773129
15114026	9887454	9889596	18242	2,572229514	1	0,861652507	VPD-ZDC-novtx-mon	0,902054386
15114027	9889648	9891461	18242	1,756248917	1	0,877447232	VPD-ZDC-novtx-mon	0,912019109
15114028	9891517	9892255	18242	0,650113387	1	0,905880615	VPD-ZDC-novtx-mon	0,938361167
15114034	9897815	9899630	18243	4,055885249	1	0,75921734	VPD-ZDC-novtx-mon	0,803246428
15114035	9899681	9901576	18243	3,461292668	1	0,64421883	VPD-ZDC-novtx-mon	0,674000395
15114036	9901633	9903440	18243	3,479270184	1	0,710370634	VPD-ZDC-novtx-mon	0,737413735
15114037	9903489	9903778	18243	0,562824966	1	0,753559945	VPD-ZDC-novtx-mon	0,779457883
15114038	9903827	9904811	18243	1,458156318	1	0,597285513	VPD-ZDC-novtx-mon	0,621011156
15114039	9904920	9906741	18243	3,006233778	1	0,707788843	VPD-ZDC-novtx-mon	0,73784393
15114040	9906796	9908615	18243	3,100116296	1	0,835705513	VPD-ZDC-novtx-mon	0,871046417
15114041	9908674	9910513	18243	2,775259846	1	0,781992614	VPD-ZDC-novtx-mon	0,818104009
15114042	9910567	9912394	18243	2,741956087	1	0,845859184	VPD-ZDC-novtx-mon	0,883489778
15114043	9912464	9914220	18243	2,596309662	1	0,878340947	VPD-ZDC-novtx-mon	0,918749333
15114044	9914284	9915141	18243	1,201050696	1	0,876433187	VPD-ZDC-novtx-mon	0,916149025
15114045	9915247	9915396	18243	0,193853443	1	0,825590251	VPD-ZDC-novtx-mon	0,864205885
15115012	9945402	9947213	18246	3,563770009	1	0,69534427	VPD-ZDC-novtx-mon	0,734540593
15115013	9947272	9949078	18246	3,421197405	1	0,684519805	VPD-ZDC-novtx-mon	0,715118347
15115014	9949139	9950985	18246	3,267440793	1	0,66830641	VPD-ZDC-novtx-mon	0,695943542
15115067	9985775	9987582	18250	3,918999791	1	0,795225382	VPD-ZDC-novtx-mon	0,844330283
15115068	9987626	9989475	18250	3,594450846	1	0,708850391	VPD-ZDC-novtx-mon	0,748761573
15115069	9989524	9989965	18250	0,886737443	1	0,733281716	VPD-ZDC-novtx-mon	0,761554648
15115070	9990122	9990911	18250	1,546102786	1	0,725884205	VPD-ZDC-novtx-mon	0,758195096
15115071	9990986	9992800	18250	3,259193207	1	0,682568657	VPD-ZDC-novtx-mon	0,711263761
15115072	9992862	9994677	18250	3,465564804	1	0,80072253	VPD-ZDC-novtx-mon	0,833591979
15115073	9994744	9996562	18250	3,36256829	1	0,828819613	VPD-ZDC-novtx-mon	0,863494228
15115074	9996618	9998428	18250	3,10364604	1	0,833478395	VPD-ZDC-novtx-mon	0,870102135
15115075	9998494	10000318	18250	2,889310147	1	0,84187869	VPD-ZDC-novtx-mon	0,880519394
15115076	10000377	10002209	18250	2,815035253	1	0,874658128	VPD-ZDC-novtx-mon	0,914904212
15115077	10002259	10003852	18250	2,309718593	1	0,877541494	VPD-ZDC-novtx-mon	0,915815419
15115078	10003906	10005483	18250	2,193966164	1	0,879390764	VPD-ZDC-novtx-mon	0,918424408
15116002	10025231	10027045	18251	3,989059175	1	0,81369581	VPD-ZDC-novtx-mon	0,864346839
15116003	10027091	10029083	18251	4,126842543	1	0,783872167	VPD-ZDC-novtx-mon	0,824928393
15116004	10029131	10030967	18251	3,631615883	1	0,781696585	VPD-ZDC-novtx-mon	0,813838598
15116005	10031028	10032426	18251	2,607695772	1	0,802753728	VPD-ZDC-novtx-mon	0,836555805
15116015	10038198	10039990	18253	4,216410714	1	0,821635065	VPD-ZDC-novtx-mon	0,874409739
15116016	10040046	10041865	18253	3,73289396	1	0,739709459	VPD-ZDC-novtx-mon	0,775209126
15116017	10041934	10043768	18253	3,520882466	1	0,730894627	VPD-ZDC-novtx-mon	0,763442576
15116018	10043819	10045504	18253	3,14008736	1	0,752016517	VPD-ZDC-novtx-mon	0,780967981
15116019	10045561	10047374	18253	3,151414036	1	0,758569083	VPD-ZDC-novtx-mon	0,788747247
15116020	10047433	10049252	18253	3,009771212	1	0,796421705	VPD-ZDC-novtx-mon	0,829478232
15116021	10049307	10049810	18253	0,739718836	1	0,764855465	VPD-ZDC-novtx-mon	0,798650484
15116026	10052039	10053849	18253	2,687005477	1	0,851325093	VPD-ZDC-novtx-mon	0,892782987
15116029	10054685	10056313	18253	2,106080204	1	0,806996635	VPD-ZDC-novtx-mon	0,845758639
15116047	10080567	10081791	18255	2,78104951	1	0,774717342	VPD-ZDC-novtx-mon	0,820025296
15116048	10081832	10083638	18255	4,01010197	1	0,782057546	VPD-ZDC-novtx-mon	0,822669157
15116049	10083688	10085503	18255	3,897332303	1	0,793837239	VPD-ZDC-novtx-mon	0,829906356
15116050	10085548	10087363	18255	3,582289924	1	0,785661268	VPD-ZDC-novtx-mon	0,819716523
15116051	10087422	10088038	18255	1,073580094	1	0,757796363	VPD-ZDC-novtx-mon	0,791878696
15116052	10088238	10090058	18255	3,30271228	1	0,846049346	VPD-ZDC-novtx-mon	0,885133205
15116054	10090254	10092081	18255	3,082877853	1	0,835181412	VPD-ZDC-novtx-mon	0,8752327
15116055	10092133	10093957	18255	2,974916496	1	0,844628167	VPD-ZDC-novtx-mon	0,881906758
15116056	10094004	10095817	18255	2,810248469	1	0,848493079	VPD-ZDC-novtx-mon	0,886247685
15116057	10095875	10098060	18255	3,318249268	1	0,883911018	VPD-ZDC-novtx-mon	0,925970916
15116058	10098116	10099787	18255	2,341299916	1	0,875442167	VPD-ZDC-novtx-mon	0,913612412
15117002	10110106	10111964	18255	1,946967539	1	0,88161743	VPD-ZDC-novtx-mon	0,914303387
15117050	10148476	10148780	18259	0,702739805	1	0,774796632	VPD-ZDC-novtx-mon	0,826144672
15117051	10148829	10150670	18259	4,280659792	1	0,827884653	VPD-ZDC-novtx-mon	0,881706579
15117052	10150722	10152665	18259	4,264694599	1	0,802229544	VPD-ZDC-novtx-mon	0,843925264
15117053	10152718	10154288	18259	1,445667168	1	0,354865972	VPD-ZDC-novtx-mon	0,80111103
15117054	10154360	10156171	18259	3,592263709	1	0,859907842	VPD-ZDC-novtx-mon	0,900755347
15117055	10156219	10158026	18259	3,209884177	1	0,865743753	VPD-ZDC-novtx-mon	0,908585763
15117056	10158093	10159899	18259	2,843061622	1	0,847179775	VPD-ZDC-novtx-mon	0,886099348
15117057	10159950	10160894	18259	1,410418789	1	0,862372986	VPD-ZDC-novtx-mon	0,904904241
15118003	10198614	10200418	18261	3,906973703	1	0,810513192	VPD-ZDC-novtx-mon	0,865235795
15118004	10200467	10202407	18261	3,951382356	1	0,774084647	VPD-ZDC-novtx-mon	0,818779751
15118005	10202459	10204238	18261	3,544222475	1	0,797016757	VPD-ZDC-novtx-mon	0,836639792
15118006	10204289	10206124	18261	3,582133985	1	0,839174392	VPD-ZDC-novtx-mon	0,879958305
15118007	10206175	10207990	18261	3,21863996	1	0,817807985	VPD-ZDC-novtx-mon	0,854111248
15118008	10208035	10209839	18261	3,067556396	1	0,832867927	VPD-ZDC-novtx-mon	0,870824334
15118009	10209892	10211696	18261	2,935088912	1	0,862019452	VPD-ZDC-novtx-mon	0,901149624
15118011	10211826	10213608	18261	2,778366847	1	0,884454162	VPD-ZDC-novtx-mon	0,923832942
15118013	10213731	10215561	18261	2,648738396	1	0,878376934	VPD-ZDC-novtx-mon	0,916566954
15118014	10215614	10216794	18261	1,62910016	1	0,875552883	VPD-ZDC-novtx-mon	0,915905817
15118052	10259488	10261299	18262	3,672951592	1	0,779815996	VPD-ZDC-novtx-mon	0,83420997
15118053	10261352	10263237	18262	3,959299396	1	0,834703684	VPD-ZDC-novtx-mon	0,885889787
15118054	10263282	10265417	18262	4,224874975	1	0,809293873	VPD-ZDC-novtx-mon	0,850699025
15118055	10265472	10267287	18262	3,295252938	1	0,810629137	VPD-ZDC-novtx-mon	0,851269418
15118056	10267327	10269334	18262	3,445621457	1	0,83867732	VPD-ZDC-novtx-mon	0,879784834
15118057	10269405	10271225	18262	2,915987227	1	0,842586962	VPD-ZDC-novtx-mon	0,883313658
15118058	10271273	10273114	18262	2,825619853	1	0,86215517	VPD-ZDC-novtx-mon	0,902614876
15118059	10273169	10274780	18262	2,311221672	1	0,851228293	VPD-ZDC-novtx-mon	0,891002084
15118060	10274835	10276029	18262	1,683135963	1	0,875417276	VPD-ZDC-novtx-mon	0,916273772
15119018	10301170	10302937	18263	4,113731918	1	0,833128018	VPD-ZDC-novtx-mon	0,888423063
15119019	10302990	10304736	18263	3,717945749	1	0,794832621	VPD-ZDC-novtx-mon	0,837640293
15119020	10304809	10306628	18263	3,779409779	1	0,821921753	VPD-ZDC-novtx-mon	0,861162734
15119021	10306694	10308519	18263	3,490256903	1	0,834230204	VPD-ZDC-novtx-mon	0,868909629
15119022	10308580	10310651	18263	3,548611517	1	0,835619717	VPD-ZDC-novtx-mon	0,876714044
15119023	10310719	10313133	18263	3,829678588	1	0,84781176	VPD-ZDC-novtx-mon	0,886088884
15119024	10313233	10315650	18263	3,561134951	1	0,874388553	VPD-ZDC-novtx-mon	0,914434224
15119042	10337138	10337365	18264	3,64E-06	1	1,26E-06	VPD-ZDC-novtx-mon	6,03E-05
15119043	10337413	10339378	18264	3,153798267	1	0,844771829	VPD-ZDC-novtx-mon	0,895879098
15119045	10341852	10343665	18265	3,723141731	1	0,81293367	VPD-ZDC-novtx-mon	0,867073086
15119046	10343711	10345187	18265	3,05179	1	0,825025853	VPD-ZDC-novtx-mon	0,874858566
15119049	10345445	10347263	18265	3,62296102	1	0,810060876	VPD-ZDC-novtx-mon	0,855333111
15119051	10347397	10349235	18265	3,507332242	1	0,802210805	VPD-ZDC-novtx-mon	0,84151471
15119052	10349291	10351103	18265	3,307029759	1	0,835428098	VPD-ZDC-novtx-mon	0,875198246
15119053	10351152	10352972	18265	3,163095633	1	0,851949354	VPD-ZDC-novtx-mon	0,892540219
15119054	10353022	10354911	18265	3,083012447	1	0,859748786	VPD-ZDC-novtx-mon	0,899028592
15119055	10354963	10356485	18265	2,275770095	1	0,842605449	VPD-ZDC-novtx-mon	0,880797935
15119056	10356565	10358606	18265	2,975288241	1	0,877158757	VPD-ZDC-novtx-mon	0,91745249
15119061	10363085	10363569	18265	0,571517273	1	0,839088944	VPD-ZDC-novtx-mon	0,876232195
15120105	10442270	10444209	18266	3,572136721	1	0,808286197	VPD-ZDC-novtx-mon	0,863943068
15120106	10444265	10446432	18266	3,933541151	1	0,810768444	VPD-ZDC-novtx-mon	0,85687466
15120108	10446590	10448401	18266	3,074520937	1	0,800584381	VPD-ZDC-novtx-mon	0,840956951
15120109	10448452	10450270	18266	3,010131075	1	0,838349349	VPD-ZDC-novtx-mon	0,882036772
15120115	10451062	10452012	18266	1,22301011	1	0,72852806	VPD-ZDC-novtx-mon	0,766139755
15121060	10520340	10520414	18270	4,06E-06	1	1,21E-06	VPD-ZDC-novtx-mon	2,04E-05
15121061	10520470	10521003	18270	0,787404602	1	0,829240393	VPD-ZDC-novtx-mon	0,883890946
15122017	10565777	10568208	18271	4,58586785	1	0,719798011	VPD-ZDC-novtx-mon	0,757037079
15122018	10568285	10570524	18271	4,387295544	1	0,770869367	VPD-ZDC-novtx-mon	0,809808474
15122019	10570601	10572679	18271	3,813389804	1	0,775776123	VPD-ZDC-novtx-mon	0,809877617
15122020	10572880	10575175	18271	3,940827452	1	0,809910387	VPD-ZDC-novtx-mon	0,845940999
15122023	10575468	10575807	18271	0,487627563	1	0,720127141	VPD-ZDC-novtx-mon	0,751935792
15122026	10576256	10576977	18271	0,89436712	1	0,81449363	VPD-ZDC-novtx-mon	0,84732663
15122027	10577055	10577429	18271	0,404063696	1	0,855865661	VPD-ZDC-novtx-mon	0,902392732
15122046	10595690	10597767	18271	2,06696932	1	0,897772185	VPD-ZDC-novtx-mon	0,933202084
15122047	10597838	10599650	18271	1,654210388	1	0,876842147	VPD-ZDC-novtx-mon	0,911845168
15122048	10599719	10600270	18271	0,493013357	1	0,894594412	VPD-ZDC-novtx-mon	0,927201534
15122056	10609670	10611525	18273	3,52517304	1	0,650740334	VPD-ZDC-novtx-mon	0,690108999
15122057	10611592	10613264	18273	3,179986282	1	0,686111396	VPD-ZDC-novtx-mon	0,716815746
15122058	10613357	10615181	18273	3,183760585	1	0,650610877	VPD-ZDC-novtx-mon	0,673269848
15122059	10615256	10617196	18273	3,441849691	1	0,717723649	VPD-ZDC-novtx-mon	0,745333027
15122060	10617264	10619094	18273	3,067707748	1	0,759870836	VPD-ZDC-novtx-mon	0,788103246
15122061	10619171	10621262	18273	3,402805524	1	0,818938069	VPD-ZDC-novtx-mon	0,855947921
15123013	10647941	10649802	18274	3,729399896	1	0,749384338	VPD-ZDC-novtx-mon	0,794322874
15123014	10649883	10652095	18274	2,73129337	1	0,471112468	VPD-ZDC-novtx-mon	0,483152847
15123015	10652224	10654350	18274	3,580769624	1	0,703376345	VPD-ZDC-novtx-mon	0,734972408
15123016	10654427	10656544	18274	3,554032167	1	0,793431622	VPD-ZDC-novtx-mon	0,830872009
15123017	10656627	10657221	18274	0,901673409	1	0,763290827	VPD-ZDC-novtx-mon	0,800731297
15123018	10657367	10659940	18274	3,919571967	1	0,839164375	VPD-ZDC-novtx-mon	0,875782
15123034	10683838	10684098	18274	0,220508565	1	0,893298332	VPD-ZDC-novtx-mon	0,916335958
15123044	10695463	10697585	18275	3,926585578	1	0,687524487	VPD-ZDC-novtx-mon	0,729524515
15123045	10697646	10699493	18275	3,746562237	1	0,790922934	VPD-ZDC-novtx-mon	0,83064741
15123047	10701446	10703906	18275	4,055127762	1	0,749394469	VPD-ZDC-novtx-mon	0,779948716
15123048	10703948	10705808	18275	2,913223816	1	0,797789595	VPD-ZDC-novtx-mon	0,832707683
15123049	10705859	10706919	18275	1,448485453	1	0,792483297	VPD-ZDC-novtx-mon	0,825809713
15124021	10735547	10736788	18276	2,26646546	1	1	VPD-ZDC-novtx-mon	
15124022	10737248	10738253	18276	1,767517762	1	0,707649462	VPD-ZDC-novtx-mon	0,73773926
15124023	10738371	10740411	18276	3,449686743	1	0,707479075	VPD-ZDC-novtx-mon	0,733224491
15124025	10740814	10742944	18276	3,598479744	1	0,781937785	VPD-ZDC-novtx-mon	0,813739236
15124026	10743009	10745129	18276	3,355197533	1	0,800949628	VPD-ZDC-novtx-mon	0,834795418
15124027	10745190	10746140	18276	1,148612532	1	0,877549833	VPD-ZDC-novtx-mon	0,912713808
15124049	10772640	10774466	18277	3,051290727	1	0,60533021	VPD-ZDC-novtx-mon	0,632915337
15124050	10774516	10777047	18277	4,300944831	1	0,645035648	VPD-ZDC-novtx-mon	0,671838298
15124052	10778564	10780677	18277	3,19412672	1	0,653806473	VPD-ZDC-novtx-mon	0,6759258
15124053	10780728	10782627	18277	2,618362547	1	0,651878845	VPD-ZDC-novtx-mon	0,675837137
15124054	10782674	10784718	18277	3,030938831	1	0,766003732	VPD-ZDC-novtx-mon	0,799590747
15124055	10784848	10785706	18277	1,001567333	1	0,834252734	VPD-ZDC-novtx-mon	0,863938609
15125060	10847947	10849845	18281	4,043110885	1	0,766918069	VPD-ZDC-novtx-mon	0,809612689
15125061	10849906	10851704	18281	3,762094054	1	0,790027249	VPD-ZDC-novtx-mon	0,827296395
15125062	10851805	10853691	18281	3,832216793	1	0,814908569	VPD-ZDC-novtx-mon	0,850626758
15125064	10854078	10856926	18281	4,903884684	1	0,78556654	VPD-ZDC-novtx-mon	0,821392011
15125065	10857005	10858386	18281	2,226567155	1	0,859257559	VPD-ZDC-novtx-mon	0,895101326
15125070	10861969	10864387	18281	2,775016293	1	0,888365104	VPD-ZDC-novtx-mon	0,925239656
15125071	10864455	10866904	18281	2,897649361	1	0,887904596	VPD-ZDC-novtx-mon	0,927618833
15125072	10866957	10869380	18281	3,12808135	1	0,864238051	VPD-ZDC-novtx-mon	0,904672411
15125073	10869430	10871846	18281	2,878817097	1	0,862815144	VPD-ZDC-novtx-mon	0,903272254
15125074	10871898	10873634	18281	2,037614226	1	0,887090877	VPD-ZDC-novtx-mon	0,923513499
15125075	10873684	10874766	18281	1,17839777	1	0,85799847	VPD-ZDC-novtx-mon	0,892389639
15126002	10886860	10888670	18282	3,904807072	1	0,766605476	VPD-ZDC-novtx-mon	0,813967795
15126004	10889819	10891635	18282	3,313034276	1	0,695669448	VPD-ZDC-novtx-mon	0,723759
15126006	10893752	10895545	18282	3,209605463	1	0,786947132	VPD-ZDC-novtx-mon	0,821664455
15126008	10897496	10897580	18282	0,127772434	1	0,778639104	VPD-ZDC-novtx-mon	0,80766003
15126036	10928722	10930856	18283	4,91713311	1	0,830257853	VPD-ZDC-novtx-mon	0,88123548
15126037	10931391	10933821	18283	4,904230455	1	0,772246296	VPD-ZDC-novtx-mon	0,809733803
15126038	10933875	10936333	18283	5,045736271	1	0,843120006	VPD-ZDC-novtx-mon	0,881031103
15126039	10936386	10939169	18283	5,091299152	1	0,85921507	VPD-ZDC-novtx-mon	0,895379159
15126040	10939216	10939423	18283	0,201604153	1	0,540171954	VPD-ZDC-novtx-mon	0,567057242
15126060	10970655	10971582	18285	2,002747853	1	0,814502177	VPD-ZDC-novtx-mon	0,85433838
15126061	10971636	10973446	18285	3,655380395	1	0,78759407	VPD-ZDC-novtx-mon	0,821466373
15127001	10973509	10975319	18285	3,323640926	1	0,767464751	VPD-ZDC-novtx-mon	0,801117761
15127002	10975374	10977199	18285	3,240973653	1	0,802586776	VPD-ZDC-novtx-mon	0,838207229
15127003	10977251	10978717	18285	2,538282711	1	0,845655804	VPD-ZDC-novtx-mon	0,882990705
15128015	11076339	11078175	18294	3,799216074	1	0,802416662	VPD-ZDC-novtx-mon	0,855450205
15128016	11078240	11080048	18294	3,797347451	1	0,830626109	VPD-ZDC-novtx-mon	0,877928023
15128017	11080117	11081691	18294	2,993241568	1	0,787215857	VPD-ZDC-novtx-mon	0,825981666
15128018	11082058	11084782	18294	5,010229675	1	0,838807623	VPD-ZDC-novtx-mon	0,881202604
15128019	11084843	11087051	18294	3,778868441	1	0,856664155	VPD-ZDC-novtx-mon	0,899215061
15128020	11087126	11088478	18294	2,204164353	1	0,870393469	VPD-ZDC-novtx-mon	0,913367003
15128021	11088554	11089118	18294	0,798721432	1	0,846455643	VPD-ZDC-novtx-mon	0,88577846
15128048	11136670	11138495	18296	4,227251296	1	0,826722096	VPD-ZDC-novtx-mon	0,8797247
15128049	11138556	11140401	18296	3,71328421	1	0,742357194	VPD-ZDC-novtx-mon	0,779743673
15128050	11140464	11142160	18296	3,397683232	1	0,763898799	VPD-ZDC-novtx-mon	0,797504937
15128051	11142490	11144355	18296	3,470943097	1	0,768611795	VPD-ZDC-novtx-mon	0,801431567
15128052	11144417	11146246	18296	3,318577332	1	0,824537452	VPD-ZDC-novtx-mon	0,863549954
15129001	11146313	11148071	18296	2,929356865	1	0,842169196	VPD-ZDC-novtx-mon	0,882056936
15129045	11214597	11216389	18299	3,982083056	1	0,753501207	VPD-ZDC-novtx-mon	0,792594076
15129046	11216433	11218320	18299	3,875089998	1	0,736677862	VPD-ZDC-novtx-mon	0,770587266
15129047	11218373	11220990	18299	5,067563813	1	0,726816417	VPD-ZDC-novtx-mon	0,7566331
15129048	11221040	11223705	18299	5,272162803	1	0,812146815	VPD-ZDC-novtx-mon	0,84549331
15129049	11223757	11225926	18299	3,36926661	1	0,787828409	VPD-ZDC-novtx-mon	0,819763091
15130013	11253236	11255070	18300	4,224810444	1	0,764282717	VPD-ZDC-novtx-mon	0,804036048
15130014	11255123	11256238	18300	2,384356534	1	0,739791214	VPD-ZDC-novtx-mon	0,772563306
15130015	11257006	11259414	18300	4,779733821	1	0,792131029	VPD-ZDC-novtx-mon	0,825894724
15130016	11259460	11260599	18300	1,918252586	1	0,753801145	VPD-ZDC-novtx-mon	0,783937761
15130031	11276077	11278654	18301	5,902556468	1	0,804104198	VPD-ZDC-novtx-mon	0,849031507
15130032	11278931	11279192	18301	0,534543882	1	0,74435905	VPD-ZDC-novtx-mon	0,776185457
15130033	11279242	11281857	18301	5,155783813	1	0,746069211	VPD-ZDC-novtx-mon	0,776677575
15130034	11281902	11284635	18301	4,786504087	1	0,749437932	VPD-ZDC-novtx-mon	0,778149806
15130035	11284687	11286377	18301	2,712199019	1	0,775985569	VPD-ZDC-novtx-mon	0,807657715
15130036	11286474	11287213	18301	0,8856987	1	0,867622081	VPD-ZDC-novtx-mon	0,904594208
15130054	11314075	11315861	18302	3,773570958	1	0,793697204	VPD-ZDC-novtx-mon	0,838799798
15130055	11315911	11317624	18302	3,590129123	1	0,829218588	VPD-ZDC-novtx-mon	0,872563853
15130056	11317673	11319500	18302	3,437348674	1	0,773614818	VPD-ZDC-novtx-mon	0,807632752
15131001	11319547	11321387	18302	3,294518671	1	0,787281887	VPD-ZDC-novtx-mon	0,822611344
15131002	11321443	11323288	18302	3,282719218	1	0,839858757	VPD-ZDC-novtx-mon	0,87812145
15131003	11323331	11325361	18302	3,408642948	1	0,866786294	VPD-ZDC-novtx-mon	0,903568366
15131030	11359426	11361234	18304	4,085178489	1	0,820622208	VPD-ZDC-novtx-mon	0,872187198
15131031	11361294	11362916	18304	3,282196053	1	0,812273423	VPD-ZDC-novtx-mon	0,854097569
15131033	11366265	11368082	18305	4,01005787	1	0,779504355	VPD-ZDC-novtx-mon	0,825502841
15131034	11368137	11368887	18305	1,456783723	1	0,70326317	VPD-ZDC-novtx-mon	0,733603466
15131035	11369042	11370462	18305	2,887748255	1	0,769112712	VPD-ZDC-novtx-mon	0,804981928
15131036	11370508	11372399	18305	3,560396851	1	0,745712792	VPD-ZDC-novtx-mon	0,773893895
15131037	11372462	11374874	18305	4,625189047	1	0,828056303	VPD-ZDC-novtx-mon	0,860537482
15131039	11375215	11376445	18305	2,084241477	1	0,836879433	VPD-ZDC-novtx-mon	0,873009995
15132002	11406477	11408287	18306	4,195374697	1	0,849424891	VPD-ZDC-novtx-mon	0,901757072
15132003	11408331	11410449	18306	4,584970036	1	0,802594229	VPD-ZDC-novtx-mon	0,847601119
15132004	11410523	11412316	18306	3,669204056	1	0,827021671	VPD-ZDC-novtx-mon	0,861326083
15132005	11412366	11414177	18306	2,72031117	1	0,854023217	VPD-ZDC-novtx-mon	0,895476638
15132006	11414230	11414267	18306	0,027086598	1	0,669319187	VPD-ZDC-novtx-mon	0,680098653
15132022	11450842	11454380	18307	8,376326999	1	0,830077792	VPD-ZDC-novtx-mon	0,87589863
15132023	11454439	11457168	18307	5,674326938	1	0,801640839	VPD-ZDC-novtx-mon	0,838692808
15132024	11457224	11460239	18307	5,523968272	1	0,796625751	VPD-ZDC-novtx-mon	0,828575546
15132025	11460314	11461909	18307	2,731612005	1	0,838453029	VPD-ZDC-novtx-mon	0,875693126
15133002	11493631	11495470	18308	4,431182005	1	0,81872794	VPD-ZDC-novtx-mon	0,865859279
15133004	11496927	11497990	18308	2,295905463	1	0,790015733	VPD-ZDC-novtx-mon	0,826819324
15133005	11498047	11500175	18308	4,519056901	1	0,828347119	VPD-ZDC-novtx-mon	0,862510817
15133006	11500239	11502357	18308	3,917044462	1	0,78982772	VPD-ZDC-novtx-mon	0,82225511
15133017	11520238	11521625	18308	1,57428001	1	0,896827091	VPD-ZDC-novtx-mon	0,934977649
15133031	11534440	11536254	18309	4,173737843	1	0,865287894	VPD-ZDC-novtx-mon	0,918393799
15133032	11536306	11537952	18309	3,37024817	1	0,833710417	VPD-ZDC-novtx-mon	0,882180738
15133033	11538004	11540479	18309	5,108369958	1	0,857577475	VPD-ZDC-novtx-mon	0,900592354
15133034	11540543	11542854	18309	4,249298329	1	0,850250467	VPD-ZDC-novtx-mon	0,891136369
15133035	11542926	11545290	18309	3,504424649	1	0,852062249	VPD-ZDC-novtx-mon	0,889936762
15133047	11565834	11567278	18310	3,406311717	1	0,848598244	VPD-ZDC-novtx-mon	0,899412458
15133049	11567399	11568847	18310	3,236246094	1	0,83015121	VPD-ZDC-novtx-mon	0,881004362
15133050	11568905	11570230	18310	2,9416169	1	0,853856331	VPD-ZDC-novtx-mon	0,896732723
15133051	11570291	11570849	18310	0,968181255	1	0,69212898	VPD-ZDC-novtx-mon	0,718059107
15133053	11571178	11573907	18310	5,29676768	1	0,830829516	VPD-ZDC-novtx-mon	0,86816408
15133054	11573958	11575858	18310	3,31559619	1	0,843395492	VPD-ZDC-novtx-mon	0,881748016
15133055	11575915	11577223	18310	2,13170378	1	0,860613964	VPD-ZDC-novtx-mon	0,90185934
15134050	11640116	11642103	18312	4,202065784	1	0,808339098	VPD-ZDC-novtx-mon	0,856808698
15134051	11642158	11644056	18312	3,614986355	1	0,825877564	VPD-ZDC-novtx-mon	0,873271619
15134053	11644292	11645970	18312	2,730227852	1	0,85935593	VPD-ZDC-novtx-mon	0,901529679
15134055	11646156	11648100	18312	2,814231235	1	0,835134392	VPD-ZDC-novtx-mon	0,878763248
15134056	11648158	11649465	18312	1,899031812	1	0,860760866	VPD-ZDC-novtx-mon	0,905435065
15135004	11672174	11674067	18315	4,002657542	1	0,829791614	VPD-ZDC-novtx-mon	0,882469186
15135005	11674116	11675792	18315	3,204023202	1	0,770286657	VPD-ZDC-novtx-mon	0,814272384
15135006	11675838	11677891	18315	3,932187596	1	0,80174715	VPD-ZDC-novtx-mon	0,844579121
15135007	11677946	11679801	18315	3,267778704	1	0,80996982	VPD-ZDC-novtx-mon	0,848873709
15135008	11679849	11681724	18315	3,10477471	1	0,833125192	VPD-ZDC-novtx-mon	0,873776927
15135009	11681771	11682977	18315	1,958726836	1	0,854371989	VPD-ZDC-novtx-mon	0,894773626
15135062	11744755	11746518	18320	3,74824817	1	0,751532705	VPD-ZDC-novtx-mon	0,79329907
15135063	11746566	11748248	18320	3,664816436	1	0,805860551	VPD-ZDC-novtx-mon	0,847152557
15135064	11748306	11750127	18320	3,869437001	1	0,829500294	VPD-ZDC-novtx-mon	0,866788968
15135065	11750184	11752008	18320	3,296332837	1	0,762441536	VPD-ZDC-novtx-mon	0,79432179
15136001	11752066	11753879	18320	3,284066377	1	0,832114108	VPD-ZDC-novtx-mon	0,870221732
15136002	11753929	11755141	18320	2,054097348	1	0,836588923	VPD-ZDC-novtx-mon	0,872576898
15136033	11813867	11815693	18323	4,12343832	1	0,832056426	VPD-ZDC-novtx-mon	0,881419302
15136034	11815750	11817723	18323	3,985918747	1	0,773345135	VPD-ZDC-novtx-mon	0,809476331
15136035	11817786	11820208	18323	4,393493635	1	0,749081387	VPD-ZDC-novtx-mon	0,781344031
15136036	11820268	11822107	18323	3,353581384	1	0,828565523	VPD-ZDC-novtx-mon	0,867693322
15136037	11822156	11823862	18323	2,804753698	1	0,818426621	VPD-ZDC-novtx-mon	0,855733133
15137025	11873594	11875492	18326	4,112868917	1	0,818189003	VPD-ZDC-novtx-mon	0,866448526
15137026	11875552	11877714	18326	4,161826019	1	0,787810716	VPD-ZDC-novtx-mon	0,830470516
15137027	11877769	11879827	18326	3,78459768	1	0,813842641	VPD-ZDC-novtx-mon	0,853170675
15137028	11879884	11882194	18326	3,749467258	1	0,766887162	VPD-ZDC-novtx-mon	0,800574522
15137029	11882280	11884997	18326	4,412717865	1	0,848430278	VPD-ZDC-novtx-mon	0,886247626
15137030	11885301	11885651	18326	0,410946552	1	0,876060466	VPD-ZDC-novtx-mon	0,907470932
15137050	11917251	11919065	18327	3,672366941	1	0,817247304	VPD-ZDC-novtx-mon	0,869189859
15137051	11919130	11920314	18327	2,002839838	1	0,7068166	VPD-ZDC-novtx-mon	0,745276666
15137052	11920390	11920814	18327	0,812161464	1	0,805534805	VPD-ZDC-novtx-mon	0,84780833
15137053	11920869	11922659	18327	3,221234024	1	0,780235412	VPD-ZDC-novtx-mon	0,818993332
15138035	11950159	11950561	18328	0,480583193	1	0,774744984	VPD-ZDC-novtx-mon	0,808747988
15138056	11973617	11975453	18330	4,237674013	1	0,813711647	VPD-ZDC-novtx-mon	0,863082664
15138057	11975536	11977142	18330	3,351003949	1	0,786540558	VPD-ZDC-novtx-mon	0,828592231
15138058	11977196	11979017	18330	3,539578185	1	0,771601676	VPD-ZDC-novtx-mon	0,805860155
15138059	11979071	11981690	18330	4,81282036	1	0,794681084	VPD-ZDC-novtx-mon	0,829765977
15138060	11981744	11982959	18330	2,081981838	1	0,812579031	VPD-ZDC-novtx-mon	0,848178394
15138061	11983008	11984286	18330	2,066266252	1	0,813538927	VPD-ZDC-novtx-mon	0,851814427
15139003	12019827	12020585	18331	1,529070069	1	0,747494011	VPD-ZDC-novtx-mon	0,789471564
15139008	12031889	12033852	18332	3,787822472	1	0,680824239	VPD-ZDC-novtx-mon	0,717104272
15139009	12033912	12035718	18332	3,591067656	1	0,745886504	VPD-ZDC-novtx-mon	0,782421425
15139010	12035775	12037787	18332	3,797730151	1	0,752217299	VPD-ZDC-novtx-mon	0,784419507
15139012	12037903	12038366	18332	0,690411962	1	0,622438103	VPD-ZDC-novtx-mon	0,645925927
15139013	12038773	12040822	18332	3,551767733	1	0,778282832	VPD-ZDC-novtx-mon	0,809514467
15139015	12041154	12042484	18332	2,168248097	1	0,799496312	VPD-ZDC-novtx-mon	0,836474798
15139037	12071982	12073379	18333	2,690617986	1	0,681109287	VPD-ZDC-novtx-mon	0,718649882
15139038	12073435	12073813	18333	0,703920648	1	0,670200236	VPD-ZDC-novtx-mon	0,696479426
15139039	12073893	12075200	18333	2,646566405	1	0,743592891	VPD-ZDC-novtx-mon	0,777297742
15139040	12075295	12076871	18333	3,066184916	1	0,743522844	VPD-ZDC-novtx-mon	0,774084903
15139041	12076931	12078743	18333	3,302651056	1	0,758253852	VPD-ZDC-novtx-mon	0,788342993
15139042	12078805	12080611	18333	3,053306322	1	0,779236223	VPD-ZDC-novtx-mon	0,815532411
15139043	12080661	12082029	18333	2,276174269	1	0,796556281	VPD-ZDC-novtx-mon	0,833910472
15140011	12111895	12113698	18334	3,842105983	1	0,794172735	VPD-ZDC-novtx-mon	0,841960757
15140012	12113805	12115197	18334	2,737729637	1	0,757745044	VPD-ZDC-novtx-mon	0,799191742
15140013	12115553	12117370	18334	3,377510509	1	0,762857427	VPD-ZDC-novtx-mon	0,797967398
15140014	12117433	12119234	18334	3,213314008	1	0,791361292	VPD-ZDC-novtx-mon	0,827825801
15140015	12119290	12121576	18334	3,847858087	1	0,819369721	VPD-ZDC-novtx-mon	0,858640534
15140017	12121701	12122666	18334	1,473103695	1	0,789775066	VPD-ZDC-novtx-mon	0,82787689
15140026	12136226	12137034	18334	0,881761015	1	0,870817746	VPD-ZDC-novtx-mon	0,907565646
15140045	12160269	12161986	18335	3,444203237	1	0,719544153	VPD-ZDC-novtx-mon	0,75800734
15140046	12162044	12163958	18335	3,615716876	1	0,720501006	VPD-ZDC-novtx-mon	0,757332742
15140047	12164010	12166600	18335	4,926007254	1	0,776920938	VPD-ZDC-novtx-mon	0,814529692
15140048	12166651	12168772	18335	3,778564004	1	0,818080624	VPD-ZDC-novtx-mon	0,855400452
15140049	12168828	12171431	18335	4,116481804	1	0,824532154	VPD-ZDC-novtx-mon	0,861175491
15141048	12267632	12269460	18341	3,884791936	1	0,770591718	VPD-ZDC-novtx-mon	0,816180574
15142003	12271710	12273479	18341	3,32077783	1	0,760811627	VPD-ZDC-novtx-mon	0,794281173
15142004	12273548	12275371	18341	3,288800995	1	0,791738877	VPD-ZDC-novtx-mon	0,825230629
15142005	12275442	12277261	18341	3,037045927	1	0,779639566	VPD-ZDC-novtx-mon	0,811693202
15142006	12277357	12278736	18341	1,995447236	1	0,793146246	VPD-ZDC-novtx-mon	0,828810422
15142019	12294485	12296019	18341	1,607018106	1	0,891245904	VPD-ZDC-novtx-mon	0,930646837
15142020	12296087	12296840	18341	0,763580278	1	0,887748505	VPD-ZDC-novtx-mon	0,92482219
15142054	12338956	12339392	18345	0,871511156	1	0,720631625	VPD-ZDC-novtx-mon	0,757137212
15142055	12339452	12340836	18345	2,839754876	1	0,754559662	VPD-ZDC-novtx-mon	0,789789365
15142058	12341158	12343138	18345	3,449038087	1	0,72497836	VPD-ZDC-novtx-mon	0,754842716
15143010	12370640	12372450	18347	3,741547896	1	0,730727766	VPD-ZDC-novtx-mon	0,771159677
15143011	12372517	12374328	18347	3,456647561	1	0,713388518	VPD-ZDC-novtx-mon	0,74507154
15143012	12374391	12376201	18347	3,490174187	1	0,764256987	VPD-ZDC-novtx-mon	0,796620992
15143013	12376266	12377286	18347	1,725537724	1	0,708196858	VPD-ZDC-novtx-mon	0,734667629
15143026	12391156	12393000	18349	3,430972074	1	0,772397749	VPD-ZDC-novtx-mon	0,811724403
15143027	12393070	12394860	18349	3,062433782	1	0,803232116	VPD-ZDC-novtx-mon	0,842378802
15143028	12394928	12396742	18349	2,780317082	1	0,803966994	VPD-ZDC-novtx-mon	0,838690707
15143029	12396806	12398653	18349	2,808865676	1	0,842450356	VPD-ZDC-novtx-mon	0,884506774
15143030	12398723	12400536	18349	2,500259914	1	0,799924302	VPD-ZDC-novtx-mon	0,838116396
15143031	12400619	12402040	18349	1,902831373	1	0,835013919	VPD-ZDC-novtx-mon	0,873560205
15143049	12434952	12436841	18351	4,033941485	1	0,791600203	VPD-ZDC-novtx-mon	0,838311972
15143051	12437922	12440106	18351	4,275897154	1	0,775385767	VPD-ZDC-novtx-mon	0,812053271
15143052	12440169	12441991	18351	3,419531645	1	0,801687259	VPD-ZDC-novtx-mon	0,835913636
15144001	12442066	12443880	18351	3,182787035	1	0,804003656	VPD-ZDC-novtx-mon	0,841558411
15144003	12444107	12444873	18351	1,267337429	1	0,800286701	VPD-ZDC-novtx-mon	0,837101135
15144026	12474555	12474718	18352	0,193734481	1	0,396264445	VPD-ZDC-novtx-mon	0,421876503
15144027	12474789	12474839	18352	0,095892262	1	0,662902451	VPD-ZDC-novtx-mon	0,706887385
15144028	12474922	12476698	18352	3,850813577	1	0,757484618	VPD-ZDC-novtx-mon	0,795916487
15144032	12476991	12477626	18352	1,186834568	1	0,688460192	VPD-ZDC-novtx-mon	0,717593676
15144033	12477704	12479522	18352	3,229759419	1	0,668568892	VPD-ZDC-novtx-mon	0,689927692
15144034	12479603	12480994	18352	2,603954036	1	0,749398673	VPD-ZDC-novtx-mon	0,777882651
15144035	12481083	12482814	18352	3,057371103	1	0,75561633	VPD-ZDC-novtx-mon	0,784038159
15144036	12482885	12482907	18352	0,02324437	1	0,481945468	VPD-ZDC-novtx-mon	0,48807378
15144037	12482982	12484888	18352	2,939796788	1	0,732830821	VPD-ZDC-novtx-mon	0,762576953
15144062	12513870	12515713	18353	4,147618555	1	0,808696598	VPD-ZDC-novtx-mon	0,855910864
15144063	12515789	12518052	18353	4,829456516	1	0,80765698	VPD-ZDC-novtx-mon	0,850295562
15144064	12518127	12518286	18353	0,292223264	1	0,729892473	VPD-ZDC-novtx-mon	0,758648518
15144065	12518363	12520182	18353	3,402459156	1	0,763982181	VPD-ZDC-novtx-mon	0,798017249
15144067	12520334	12522261	18353	3,341409697	1	0,799385312	VPD-ZDC-novtx-mon	0,837418693
15144068	12522346	12524779	18353	3,927989946	1	0,823609697	VPD-ZDC-novtx-mon	0,862460839
15145003	12531194	12533011	18354	4,022745873	1	0,757242321	VPD-ZDC-novtx-mon	0,799613144
15145004	12533091	12535276	18354	4,358966045	1	0,727309421	VPD-ZDC-novtx-mon	0,758265869
15145005	12535372	12537182	18354	3,37128289	1	0,724346446	VPD-ZDC-novtx-mon	0,754040887
15145006	12537273	12539085	18354	3,42141069	1	0,814858683	VPD-ZDC-novtx-mon	0,850856221
15145007	12539169	12540997	18354	3,089228762	1	0,804802994	VPD-ZDC-novtx-mon	0,84286099
15145008	12541086	12542066	18354	1,471628886	1	0,839797406	VPD-ZDC-novtx-mon	0,88019212
15145029	12569596	12571484	18355	4,025064611	1	0,743951965	VPD-ZDC-novtx-mon	0,787104538
15145031	12573355	12573917	18355	1,061058558	1	0,742559419	VPD-ZDC-novtx-mon	0,773680468
15145032	12574022	12575995	18355	3,602078426	1	0,795495067	VPD-ZDC-novtx-mon	0,832252413
15145033	12576079	12577022	18355	1,594289053	1	0,844858831	VPD-ZDC-novtx-mon	0,885117318
15145034	12577135	12577203	18355	0,066826229	1	0,550525465	VPD-ZDC-novtx-mon	0,583881369
15145035	12577292	12578693	18355	2,1782931	1	0,850917918	VPD-ZDC-novtx-mon	0,894585466
15145036	12578780	12580210	18355	2,169623343	1	0,842882739	VPD-ZDC-novtx-mon	0,881401037
15145056	12604312	12606163	18357	3,882953387	1	0,771673207	VPD-ZDC-novtx-mon	0,813272152
15145060	12606995	12608812	18357	3,363340039	1	0,724897408	VPD-ZDC-novtx-mon	0,757024772
15145061	12608898	12610900	18357	3,807946874	1	0,812709079	VPD-ZDC-novtx-mon	0,85064735
15145062	12611000	12612873	18357	3,253500726	1	0,798948265	VPD-ZDC-novtx-mon	0,834610218
15145063	12612970	12613648	18357	0,93926892	1	0,669335588	VPD-ZDC-novtx-mon	0,703902615
15145064	12613744	12615059	18357	1,708948656	1	0,867957279	VPD-ZDC-novtx-mon	0,902576492
15148062	12863005	12863563	18367	1,247299501	1	0,760086828	VPD-ZDC-novtx-mon	0,801458409
15148064	12864909	12866750	18367	4,199950374	1	0,825623899	VPD-ZDC-novtx-mon	0,865128248
15148065	12866891	12868625	18367	3,554934147	1	0,786044638	VPD-ZDC-novtx-mon	0,815951507
15148066	12868752	12869954	18367	2,20525284	1	0,746193737	VPD-ZDC-novtx-mon	0,77161705
15149009	12896382	12898333	18369	3,4476405	1	0,718458544	VPD-ZDC-novtx-mon	0,748074118
15149010	12898384	12900636	18369	3,972558506	1	0,800844008	VPD-ZDC-novtx-mon	0,833634609
15149011	12900690	12901413	18369	1,144822882	1	0,819078613	VPD-ZDC-novtx-mon	0,856241199
15149061	12943299	12944660	18371	2,440664184	1	0,591140119	VPD-ZDC-novtx-mon	0,618439491
15149062	12944809	12945127	18371	0,574281252	1	0,629993094	VPD-ZDC-novtx-mon	0,652380636
15149063	12945181	12947021	18371	3,939488579	1	0,743015239	VPD-ZDC-novtx-mon	0,775604366
15149064	12947131	12949556	18371	4,509149103	1	0,699751106	VPD-ZDC-novtx-mon	0,722458029
15149067	12949803	12951617	18371	3,054768646	1	0,75260068	VPD-ZDC-novtx-mon	0,780340011
15150009	12982114	12983930	18373	4,358408309	1	0,795199881	VPD-ZDC-novtx-mon	0,833106371
15150010	12983990	12985809	18373	3,846279957	1	0,744708743	VPD-ZDC-novtx-mon	0,777644318
15150011	12985867	12987739	18373	3,595255859	1	0,726930686	VPD-ZDC-novtx-mon	0,752142612
15150012	12987799	12990037	18373	4,110986189	1	0,76115745	VPD-ZDC-novtx-mon	0,790048222
15150013	12990091	12990793	18373	1,279791618	1	0,820303929	VPD-ZDC-novtx-mon	0,854202411
15150057	13009959	13010432	18373	0,498149813	1	0,873721654	VPD-ZDC-novtx-mon	0,909539509
15150079	13040617	13042444	18374	4,100304812	1	0,758285038	VPD-ZDC-novtx-mon	0,801778199
15150080	13042502	13044378	18374	3,578586254	1	0,674663951	VPD-ZDC-novtx-mon	0,698043813
15150081	13044466	13046331	18374	3,594352633	1	0,726354454	VPD-ZDC-novtx-mon	0,754678477
15150082	13046395	13048220	18374	2,86622675	1	0,632356954	VPD-ZDC-novtx-mon	0,651446752
15151032	13085179	13086988	18375	4,075693121	1	0,740239424	VPD-ZDC-novtx-mon	0,776839004
15151033	13087045	13088694	18375	3,619733918	1	0,762377181	VPD-ZDC-novtx-mon	0,794490375
15151034	13088748	13090557	18375	3,411038814	1	0,700252419	VPD-ZDC-novtx-mon	0,724922544
15151035	13090611	13092405	18375	3,609333826	1	0,841565798	VPD-ZDC-novtx-mon	0,873023163
15151036	13092457	13094156	18375	3,45696428	1	0,884786202	VPD-ZDC-novtx-mon	0,919367121
15151058	13128569	13130270	18376	3,874899232	1	0,799077477	VPD-ZDC-novtx-mon	0,849008969
15151061	13130716	13132547	18376	3,767336566	1	0,760304017	VPD-ZDC-novtx-mon	0,795183228
15151062	13132620	13133545	18376	1,369143529	1	0,596373788	VPD-ZDC-novtx-mon	0,616513977
15152001	13133602	13135516	18376	3,642958191	1	0,796500028	VPD-ZDC-novtx-mon	0,826220213
15152002	13135575	13137382	18376	3,289756341	1	0,845342908	VPD-ZDC-novtx-mon	0,881677915
15152031	13172925	13174747	18377	4,066528263	1	0,771231207	VPD-ZDC-novtx-mon	0,80740435
15152032	13174806	13176311	18377	2,785317043	1	0,681688172	VPD-ZDC-novtx-mon	0,70500817
15152033	13176468	13178270	18377	3,542470146	1	0,788620246	VPD-ZDC-novtx-mon	0,820331818
15152034	13178336	13180154	18377	3,428669443	1	0,835251534	VPD-ZDC-novtx-mon	0,871981022
15152036	13180305	13180674	18377	0,676365243	1	0,836271608	VPD-ZDC-novtx-mon	0,8751302
15152055	13213700	13215517	18378	3,757218791	1	0,702375224	VPD-ZDC-novtx-mon	0,73879745
15152057	13216592	13218388	18378	3,50336956	1	0,709961252	VPD-ZDC-novtx-mon	0,740957414
15152058	13218463	13220273	18378	3,562557381	1	0,770286083	VPD-ZDC-novtx-mon	0,801780817
15153001	13220353	13222176	18378	3,429559704	1	0,794178005	VPD-ZDC-novtx-mon	0,827261773
15153002	13222246	13222649	18378	0,722312986	1	0,787919774	VPD-ZDC-novtx-mon	0,821956644
15153034	13263858	13265712	18379	4,882593592	1	0,879413258	VPD-ZDC-novtx-mon	0,904209291
15153035	13265864	13268106	18379	4,318371607	1	0,717159686	VPD-ZDC-novtx-mon	0,750651891
15153036	13268232	13270087	18379	3,528531042	1	0,753416967	VPD-ZDC-novtx-mon	0,787127382
15153037	13270156	13271956	18379	3,33480681	1	0,808173259	VPD-ZDC-novtx-mon	0,841636827
15153038	13272033	13272870	18379	1,405423792	1	0,785878874	VPD-ZDC-novtx-mon	0,817501036
15154008	13318597	13319543	18380	1,969548908	1	0,767743912	VPD-ZDC-novtx-mon	0,804580327
15154009	13319638	13321448	18380	3,603026072	1	0,7693161	VPD-ZDC-novtx-mon	0,799821958
15154010	13321557	13323276	18380	3,024167036	1	0,730251953	VPD-ZDC-novtx-mon	0,75806783
15154011	13323377	13325450	18380	3,425485205	1	0,820249007	VPD-ZDC-novtx-mon	0,853422307
15155004	13401050	13401738	18383	1,508774281	1	0,770619396	VPD-ZDC-novtx-mon	0,813803604
15155005	13401836	13403677	18383	3,927533331	1	0,767201173	VPD-ZDC-novtx-mon	0,804835281
15155006	13403789	13406463	18383	5,325929359	1	0,765386625	VPD-ZDC-novtx-mon	0,795827567
15155007	13406573	13409269	18383	5,032589719	1	0,800157781	VPD-ZDC-novtx-mon	0,831722702
15155008	13409382	13411171	18383	3,138537846	1	0,836870358	VPD-ZDC-novtx-mon	0,873154044
15155009	13411291	13411787	18383	0,507631467	1	0,836868151	VPD-ZDC-novtx-mon	0,861447372
15156001	13479455	13482294	18391	5,417318394	1	0,753383152	VPD-ZDC-novtx-mon	0,783798276
15156002	13482416	13485099	18391	5,121373244	1	0,802458704	VPD-ZDC-novtx-mon	0,834384285
15156003	13485205	13487720	18391	4,188856842	1	0,782042178	VPD-ZDC-novtx-mon	0,814623412
15156004	13487834	13489461	18391	2,256687965	1	0,855033412	VPD-ZDC-novtx-mon	0,89044846
15156010	13491656	13493985	18391	2,540342985	1	0,877475187	VPD-ZDC-novtx-mon	0,914208139
15156011	13494078	13495345	18391	1,502301073	1	0,876063557	VPD-ZDC-novtx-mon	0,912203399
15156014	13497067	13498683	18391	1,990240151	1	0,88152709	VPD-ZDC-novtx-mon	0,919533898
15156039	13553740	13554033	18394	0,682559677	1	0,753505393	VPD-ZDC-novtx-mon	0,791869968
15156040	13554131	13555924	18394	3,998727161	1	0,757554994	VPD-ZDC-novtx-mon	0,790484174
15156041	13556029	13557803	18394	3,788877494	1	0,756226641	VPD-ZDC-novtx-mon	0,78585557
15156042	13557904	13559681	18394	3,515459787	1	0,74279493	VPD-ZDC-novtx-mon	0,770196871
15156043	13559778	13559990	18394	0	1	1	VPD-ZDC-novtx-mon	
15157004	13571745	13573371	18396	3,8005352	1	0,775208384	VPD-ZDC-novtx-mon	0,817333872
15157006	13574123	13576875	18396	5,356640907	1	0,704756434	VPD-ZDC-novtx-mon	0,731028114
15157007	13576930	13578527	18396	2,923879417	1	0,723074768	VPD-ZDC-novtx-mon	0,747198195
15157009	13578748	13581348	18396	4,063858073	1	0,758720794	VPD-ZDC-novtx-mon	0,788193787
15157034	13615434	13616391	18397	1,761726238	1	0,866210068	VPD-ZDC-novtx-mon	0,89741718
15157039	13617545	13618451	18397	1,68431838	1	0,775381426	VPD-ZDC-novtx-mon	0,814770319
15157045	13619358	13621296	18397	3,562564345	1	0,735995274	VPD-ZDC-novtx-mon	0,755840335
15157046	13621349	13623152	18397	3,13916531	1	0,75070583	VPD-ZDC-novtx-mon	0,779647466
15157047	13623207	13625900	18397	4,16095907	1	0,799705108	VPD-ZDC-novtx-mon	0,83399895
15158024	13666933	13668883	18400	4,180337066	1	0,72577281	VPD-ZDC-novtx-mon	0,758398826
15158025	13668943	13671744	18400	5,596800542	1	0,72524059	VPD-ZDC-novtx-mon	0,754031488
15158026	13671802	13674516	18400	4,905782526	1	0,720106613	VPD-ZDC-novtx-mon	0,747742472
15158027	13674581	13676651	18400	3,644111891	1	0,844394034	VPD-ZDC-novtx-mon	0,880627965
15158057	13718456	13720250	18402	4,258663729	1	0,829803641	VPD-ZDC-novtx-mon	0,876392037
15158058	13720312	13722208	18402	3,888094687	1	0,752953477	VPD-ZDC-novtx-mon	0,789514762
15158059	13722260	13724106	18402	3,602626283	1	0,76289703	VPD-ZDC-novtx-mon	0,79407565
15158060	13724163	13725969	18402	3,248565587	1	0,759811106	VPD-ZDC-novtx-mon	0,790140856
15158061	13726012	13728358	18402	3,64531949	1	0,779319295	VPD-ZDC-novtx-mon	0,812914714
15159016	13761144	13763330	18403	4,872316643	1	0,819565939	VPD-ZDC-novtx-mon	0,851586799
15159017	13763414	13765207	18403	3,76237198	1	0,810315979	VPD-ZDC-novtx-mon	0,835641398
15159018	13765269	13767569	18403	4,301595692	1	0,800039103	VPD-ZDC-novtx-mon	0,835689902
15159019	13767631	13770266	18403	4,246647333	1	0,783363775	VPD-ZDC-novtx-mon	0,819596098
15159039	13804093	13805899	18404	3,920357786	1	0,757204232	VPD-ZDC-novtx-mon	0,797536719
15159040	13805956	13807764	18404	3,723598337	1	0,75910964	VPD-ZDC-novtx-mon	0,791353023
15159041	13807816	13809612	18404	3,312808881	1	0,723136278	VPD-ZDC-novtx-mon	0,752876614
15159042	13809659	13811449	18404	3,336349095	1	0,792555117	VPD-ZDC-novtx-mon	0,826485065
15159043	13811500	13813841	18404	3,982346086	1	0,812254601	VPD-ZDC-novtx-mon	0,849718597
15159044	13813890	13815160	18404	1,770778793	1	0,820316111	VPD-ZDC-novtx-mon	0,855345614
15160029	13869807	13871453	18407	2,952034898	1	0,684459454	VPD-ZDC-novtx-mon	0,708550077
15160030	13871515	13873435	18407	3,730636029	1	0,793139596	VPD-ZDC-novtx-mon	0,825690226
15160032	13873701	13875393	18407	2,613679469	1	0,697381218	VPD-ZDC-novtx-mon	0,726549992
15160050	13908992	13910845	18408	3,721000311	1	0,698256542	VPD-ZDC-novtx-mon	0,734782347
15161001	13910910	13912684	18408	3,51520443	1	0,72040868	VPD-ZDC-novtx-mon	0,755248321
15161002	13912750	13914561	18408	3,09961311	1	0,652915265	VPD-ZDC-novtx-mon	0,678874756
15161003	13914635	13916454	18408	3,479752135	1	0,787042835	VPD-ZDC-novtx-mon	0,820205087
15161004	13916538	13918379	18408	2,797985762	1	0,758089313	VPD-ZDC-novtx-mon	0,79401323
15161036	13960901	13962727	18409	4,089925887	1	0,807854869	VPD-ZDC-novtx-mon	0,858131133
15161037	13962792	13963559	18409	1,386023952	1	0,671456484	VPD-ZDC-novtx-mon	0,703519461
15161043	13964836	13965616	18409	0,928217542	1	0,469494757	VPD-ZDC-novtx-mon	0,483356921
15161048	13966696	13967196	18409	0,452645142	1	0,883835476	VPD-ZDC-novtx-mon	0,913233682
15161053	13968637	13969125	18409	0,447214193	1	0,919757342	VPD-ZDC-novtx-mon	0,919884988
15161054	13969192	13970166	18409	0,934605662	1	0,890806982	VPD-ZDC-novtx-mon	0,925397238
15161055	13970273	13970967	18409	0,691804085	1	0,880698638	VPD-ZDC-novtx-mon	0,917626031
15161057	13971405	13973211	18409	1,845297489	1	0,892370172	VPD-ZDC-novtx-mon	0,926877574
15161058	13973286	13974236	18409	0,970384085	1	0,878674114	VPD-ZDC-novtx-mon	0,913222134
15162004	14009161	14011032	18410	4,156025894	1	0,804574153	VPD-ZDC-novtx-mon	0,848619799
15162005	14011097	14012861	18410	3,441904422	1	0,704642903	VPD-ZDC-novtx-mon	0,736489653
15162006	14012921	14014161	18410	1,776533819	1	0,592464144	VPD-ZDC-novtx-mon	0,613193658
15162010	14017155	14018979	18411	3,788533649	1	0,720633575	VPD-ZDC-novtx-mon	0,756122102
15162011	14019047	14021018	18411	4,204403885	1	0,772027997	VPD-ZDC-novtx-mon	0,806971881
15162012	14021090	14022918	18411	2,64723966	1	0,560340801	VPD-ZDC-novtx-mon	0,580421465
15162013	14022969	14024894	18411	3,623116396	1	0,777255131	VPD-ZDC-novtx-mon	0,80610285
15162014	14024963	14026508	18411	2,075752725	1	0,747072997	VPD-ZDC-novtx-mon	0,783279996
15162041	14062438	14064253	18412	4,010513835	1	0,748025393	VPD-ZDC-novtx-mon	0,783433052
15162042	14064321	14066135	18412	3,055443091	1	0,601289639	VPD-ZDC-novtx-mon	0,628995905
15162043	14066204	14066569	18412	0,73447627	1	0,751990624	VPD-ZDC-novtx-mon	0,786581638
15162044	14066651	14068450	18412	3,20099379	1	0,68772683	VPD-ZDC-novtx-mon	0,715251213
15162045	14068500	14070309	18412	3,142726113	1	0,723565505	VPD-ZDC-novtx-mon	0,754610341
15162046	14070372	14071250	18412	1,654959551	1	0,823765087	VPD-ZDC-novtx-mon	0,860051598
15163017	14105066	14107095	18413	4,282923362	1	0,701126482	VPD-ZDC-novtx-mon	0,734580929
15163018	14107154	14108932	18413	3,063353384	1	0,602236921	VPD-ZDC-novtx-mon	0,626836441
15163019	14108984	14110815	18413	2,742485636	1	0,549994662	VPD-ZDC-novtx-mon	0,567999859
15163020	14110877	14112821	18413	2,93425512	1	0,603657427	VPD-ZDC-novtx-mon	0,62571295
15163021	14112886	14114246	18413	2,430002422	1	0,855488902	VPD-ZDC-novtx-mon	0,889964821
15163048	14148194	14149991	18414	3,638513282	1	0,808294154	VPD-ZDC-novtx-mon	0,851643386
15163049	14150048	14152483	18414	4,876311932	1	0,714694818	VPD-ZDC-novtx-mon	0,745220297
15163050	14152554	14152917	18414	0,750526819	1	0,743936965	VPD-ZDC-novtx-mon	0,780008788
15163051	14153016	14154845	18414	3,707653984	1	0,760190083	VPD-ZDC-novtx-mon	0,792935429
15163052	14154900	14156686	18414	3,64995642	1	0,844778357	VPD-ZDC-novtx-mon	0,881960923
15163053	14156741	14157214	18414	0,913581821	1	0,844640132	VPD-ZDC-novtx-mon	0,887792658
15164023	14200944	14202801	18415	3,638434344	1	0,778900057	VPD-ZDC-novtx-mon	0,823756586
15164024	14202870	14204265	18415	2,223928697	1	0,604304096	VPD-ZDC-novtx-mon	0,637053177
15164028	14204868	14205910	18415	1,490535199	1	0,518579705	VPD-ZDC-novtx-mon	0,541893269
15164030	14206068	14207808	18415	3,405735518	1	0,736949876	VPD-ZDC-novtx-mon	0,769844327
15164032	14208185	14209284	18415	2,159901774	1	0,840996447	VPD-ZDC-novtx-mon	0,882516312
15164060	14239544	14241316	18417	4,370675964	1	0,793058749	VPD-ZDC-novtx-mon	0,838317636
15164061	14241384	14241824	18417	0,458155199	1	0,338192348	VPD-ZDC-novtx-mon	0,351713472
15164062	14241986	14243517	18417	3,716840898	1	0,778750324	VPD-ZDC-novtx-mon	0,813286016
15164063	14243608	14243939	18417	0,840677379	1	0,834738896	VPD-ZDC-novtx-mon	0,867952875
15164064	14244025	14244768	18417	1,538076309	1	0,693786464	VPD-ZDC-novtx-mon	0,721148097
15164065	14244876	14246657	18417	3,418024951	1	0,676672287	VPD-ZDC-novtx-mon	0,703400492
15164066	14246735	14248305	18417	2,762486348	1	0,673475565	VPD-ZDC-novtx-mon	0,702303755
15165008	14264614	14265863	18417	1,813550949	1	0,870969291	VPD-ZDC-novtx-mon	0,915792511
15165009	14266041	14266989	18417	1,333831606	1	0,886079921	VPD-ZDC-novtx-mon	0,930310834
15165021	14285357	14287177	18420	4,489732769	1	0,78490263	VPD-ZDC-novtx-mon	0,812635104
15165022	14287275	14288948	18420	3,144428117	1	0,682807883	VPD-ZDC-novtx-mon	0,705639409
15165023	14289574	14291416	18420	4,116300475	1	0,79581213	VPD-ZDC-novtx-mon	0,821555341
15165024	14291506	14293342	18420	3,909171458	1	0,838304892	VPD-ZDC-novtx-mon	0,865374311
15165025	14293445	14294936	18420	2,37082696	1	0,887721794	VPD-ZDC-novtx-mon	0,911638088
15165049	14328547	14330362	18421	4,045470332	1	0,706949144	VPD-ZDC-novtx-mon	0,739826452
15165050	14330448	14332069	18421	3,264231191	1	0,648051673	VPD-ZDC-novtx-mon	0,678405191
15165051	14332228	14332642	18421	0,812549541	1	0,642979028	VPD-ZDC-novtx-mon	0,668265716
15165052	14332738	14333095	18421	0,500747067	1	0,497320787	VPD-ZDC-novtx-mon	0,521579964
15165053	14333174	14334693	18421	2,560694954	1	0,592992354	VPD-ZDC-novtx-mon	0,609595173
15165054	14334791	14336599	18421	3,82756462	1	0,794733726	VPD-ZDC-novtx-mon	0,828088121
15165055	14337211	14337408	18421	0,370344684	1	0,759177171	VPD-ZDC-novtx-mon	0,796282822
15166013	14359198	14360175	18421	1,264268629	1	0,879182803	VPD-ZDC-novtx-mon	0,926912708
15166023	14371526	14372412	18421	2,13979727	1	0,839755297	VPD-ZDC-novtx-mon	0,898026313
15166024	14372472	14374309	18421	4,525530364	1	0,839442784	VPD-ZDC-novtx-mon	0,889609346
15166025	14374363	14375687	18421	2,381201553	1	0,617477787	VPD-ZDC-novtx-mon	0,645142664
15166026	14375754	14377574	18421	3,314390867	1	0,657802842	VPD-ZDC-novtx-mon	0,68696036
15166027	14377635	14378808	18422	2,466997654	1	0,808003739	VPD-ZDC-novtx-mon	0,847897455
15166028	14378948	14380871	18422	3,691524138	1	0,813506215	VPD-ZDC-novtx-mon	0,852770512
15167001	14430491	14432305	18427	4,077444493	1	0,7554821	VPD-ZDC-novtx-mon	0,799906979
15167002	14432363	14433831	18427	2,617355971	1	0,603967513	VPD-ZDC-novtx-mon	0,63250972
15167006	14436057	14437749	18427	3,302868377	1	0,749870249	VPD-ZDC-novtx-mon	0,783909192
15167007	14437807	14438956	18427	2,206418261	1	0,799304867	VPD-ZDC-novtx-mon	0,837737982
