15089023
15089024
15089025
15089026
15089027
15089051
15089052
15089053
15090002
15090003
15090004
15090005
15090006
15090007
15090020
15090022
15090038
15090039
15090047
15090048
15090049
15090050
15091006
15091007
15091024
15091025
15091026
15091027
15091028
15091029
15092004
15092005
15092007
15092008
15092009
15092011
15092012
15092013
15092077
15092078
15092079
15093001
15093002
15093003
15093004
15093005
15093006
15093007
15093008
15093031
15093034
15093035
15093036
15093037
15093038
15093039
15093040
15093041
15093061
15093062
15093063
15093064
15094001
15094002
15094007
15094008
15094009
15094056
15094057
15094058
15094059
15094060
15094064
15094065
15094066
15094069
15095008
15095009
15095010
15095011
15095012
15095013
15095014
15095035
15095036
15095037
15095038
15095039
15095040
15095041
15095042
15095045
15096012
15096013
15096014
15096015
15096016
15096017
15096052
15096053
15096054
15096055
15096056
15096057
15096058
15097016
15097018
15097019
15097020
15097021
15097022
15098007
15098008
15098010
15098011
15098012
15098013
15098014
15098015
15098016
15098017
15098018
15098019
15098040
15098041
15098067
15098068
15098069
15098070
15098071
15098072
15098073
15098074
15100009
15100010
15100011
15100024
15100025
15100027
15100028
15100124
15101001
15101002
15101003
15101004
15101005
15101006
15101007
15101008
15101040
15101041
15101042
15101043
15101044
15101045
15101046
15101047
15101048
15101049
15101050
15102006
15102007
15102008
15102009
15102010
15102011
15102012
15102013
15102032
15102033
15102034
15102035
15102036
15102037
15102038
15102039
15102040
15102068
15103010
15103011
15103013
15103014
15103015
15103016
15103017
15103018
15103042
15103043
15103045
15103046
15103049
15103050
15103051
15103052
15103053
15103054
15104002
15104003
15104004
15104006
15104007
15104008
15104010
15104011
15104037
15104039
15104040
15104042
15104043
15104044
15104052
15104053
15104054
15104055
15104056
15104057
15104058
15104059
15105010
15105012
15105013
15105015
15105016
15105017
15105018
15105054
15105055
15105056
15105057
15105058
15105061
15105062
15106131
15106132
15106133
15106134
15106135
15106136
15107001
15107002
15107003
15107004
15107063
15107064
15107065
15107073
15107074
15107075
15107076
15107077
15107078
15107079
15107080
15107081
15108003
15108004
15108005
15108007
15108008
15108009
15108010
15108021
15108056
15108057
15108058
15108059
15108063
15108069
15108072
15108073
15108074
15108075
15108076
15108077
15109004
15109005
15109019
15109020
15109021
15109024
15109025
15109026
15109027
15109028
15109029
15109030
15109051
15109052
15109054
15109055
15109056
15109057
15109058
15109059
15109060
15110015
15110016
15110017
15110019
15110020
15110021
15110022
15110023
15110024
15110025
15110038
15110039
15110040
15110041
15110042
15110043
15110045
15110046
15110047
15110048
15110049
15110058
15111001
15111002
15111003
15111004
15111005
15111006
15111007
15111008
15111009
15111010
15111011
15111012
15111013
15111014
15111015
15111016
15111050
15111051
15111052
15111053
15111065
15111066
15112009
15112010
15112011
15112012
15112013
15112014
15112019
15112020
15112021
15112022
15112033
15112034
15112035
15112036
15112037
15112038
15112039
15112040
15112041
15112042
15112043
15112044
15112045
15113004
15113005
15113006
15113009
15113010
15113011
15113012
15113103
15113104
15114001
15114002
15114003
15114010
15114011
15114012
15114013
15114016
15114017
15114018
15114019
15114020
15114021
15114022
15114023
15114024
15114025
15114026
15114027
15114028
15114034
15114035
15114036
15114037
15114038
15114039
15114040
15114041
15114042
15114043
15114044
15114045
15115012
15115013
15115014
15115067
15115068
15115069
15115070
15115071
15115072
15115073
15115074
15115075
15115076
15115077
15115078
15116002
15116003
15116004
15116005
15116015
15116016
15116017
15116018
15116019
15116020
15116021
15116026
15116029
15116047
15116048
15116049
15116050
15116051
15116052
15116054
15116055
15116056
15116057
15116058
15117002
15117050
15117051
15117052
15117053
15117054
15117055
15117056
15117057
15118003
15118004
15118005
15118006
15118007
15118008
15118009
15118011
15118013
15118014
15118052
15118053
15118054
15118055
15118056
15118057
15118058
15118059
15118060
15119018
15119019
15119020
15119021
15119022
15119023
15119024
15119042
15119043
15119045
15119046
15119049
15119051
15119052
15119053
15119054
15119055
15119056
15119061
15120105
15120106
15120108
15120109
15120115
15121060
15121061
15122017
15122018
15122019
15122020
15122023
15122026
15122027
15122046
15122047
15122048
15122056
15122057
15122058
15122059
15122060
15122061
15123013
15123014
15123015
15123016
15123017
15123018
15123034
15123044
15123045
15123047
15123048
15123049
15124021
15124022
15124023
15124025
15124026
15124027
15124049
15124050
15124052
15124053
15124054
15124055
15125060
15125061
15125062
15125064
15125065
15125070
15125071
15125072
15125073
15125074
15125075
15126002
15126004
15126006
15126008
15126036
15126037
15126038
15126039
15126040
15126060
15126061
15127001
15127002
15127003
15128015
15128016
15128017
15128018
15128019
15128020
15128021
15128048
15128049
15128050
15128051
15128052
15129001
15129045
15129046
15129047
15129048
15129049
15130013
15130014
15130015
15130016
15130031
15130032
15130033
15130034
15130035
15130036
15130054
15130055
15130056
15131001
15131002
15131003
15131030
15131031
15131033
15131034
15131035
15131036
15131037
15131039
15132002
15132003
15132004
15132005
15132006
15132022
15132023
15132024
15132025
15133002
15133004
15133005
15133006
15133017
15133031
15133032
15133033
15133034
15133035
15133047
15133049
15133050
15133051
15133053
15133054
15133055
15134050
15134051
15134053
15134055
15134056
15135004
15135005
15135006
15135007
15135008
15135009
15135062
15135063
15135064
15135065
15136001
15136002
15136033
15136034
15136035
15136036
15136037
15137025
15137026
15137027
15137028
15137029
15137030
15137050
15137051
15137052
15137053
15138035
15138056
15138057
15138058
15138059
15138060
15138061
15139003
15139008
15139009
15139010
15139012
15139013
15139015
15139037
15139038
15139039
15139040
15139041
15139042
15139043
15140011
15140012
15140013
15140014
15140015
15140017
15140026
15140045
15140046
15140047
15140048
15140049
15141048
15142003
15142004
15142005
15142006
15142019
15142020
15142054
15142055
15142058
15143010
15143011
15143012
15143013
15143026
15143027
15143028
15143029
15143030
15143031
15143049
15143051
15143052
15144001
15144003
15144026
15144027
15144028
15144032
15144033
15144034
15144035
15144036
15144037
15144062
15144063
15144064
15144065
15144067
15144068
15145003
15145004
15145005
15145006
15145007
15145008
15145029
15145031
15145032
15145033
15145034
15145035
15145036
15145056
15145060
15145061
15145062
15145063
15145064
15146042
15146043
15146044
15146045
15146046
15146064
15146065
15146066
15146067
15146068
15146069
15147022
15147023
15147024
15147025
15147026
15147037
15147038
15147039
15147040
15148062
15148064
15148065
15148066
15149009
15149010
15149011
15149061
15149062
15149063
15149064
15149067
15150009
15150010
15150011
15150012
15150013
15150057
15150079
15150080
15150081
15150082
15151032
15151033
15151034
15151035
15151036
15151058
15151061
15151062
15152001
15152002
15152031
15152032
15152033
15152034
15152036
15152055
15152057
15152058
15153001
15153002
15153034
15153035
15153036
15153037
15153038
15154008
15154009
15154010
15154011
15155004
15155005
15155006
15155007
15155008
15155009
15156001
15156002
15156003
15156004
15156010
15156011
15156014
15156039
15156040
15156041
15156042
15156043
15157004
15157006
15157007
15157009
15157034
15157039
15157045
15157046
15157047
15158024
15158025
15158026
15158027
15158057
15158058
15158059
15158060
15158061
15159016
15159017
15159018
15159019
15159039
15159040
15159041
15159042
15159043
15159044
15160029
15160030
15160032
15160050
15161001
15161002
15161003
15161004
15161036
15161037
15161043
15161048
15161053
15161054
15161055
15161057
15161058
15162004
15162005
15162006
15162010
15162011
15162012
15162013
15162014
15162041
15162042
15162043
15162044
15162045
15162046
15163017
15163018
15163019
15163020
15163021
15163048
15163049
15163050
15163051
15163052
15163053
15164023
15164024
15164028
15164030
15164032
15164060
15164061
15164062
15164063
15164064
15164065
15164066
15165008
15165009
15165021
15165022
15165023
15165024
15165025
15165049
15165050
15165051
15165052
15165053
15165054
15165055
15166013
15166026
15166027
15166028
15167001
15167002
15167006
15167007
15166023
15166024
15166025
